0	7.07756e-62
1	2.01975e-61
2	-4.15021e-61
3	3.25657e-60
4	-1.75051e-59
5	9.88732e-59
6	-5.42211e-58
7	2.93477e-57
8	-1.56264e-56
9	8.19166e-56
10	-4.22749e-55
11	2.14805e-54
12	-1.07473e-53
13	5.29519e-53
14	-2.56942e-52
15	1.22799e-51
16	-5.78075e-51
17	2.68053e-50
18	-1.22432e-49
19	5.50767e-49
20	-2.43979e-48
21	1.06389e-47
22	-4.56409e-47
23	1.92465e-46
24	-7.96776e-46
25	3.23231e-45
26	-1.28149e-44
27	4.94604e-44
28	-1.84743e-43
29	6.61624e-43
30	-2.23557e-42
31	6.90717e-42
32	-1.80685e-41
33	2.93774e-41
34	6.71226e-41
35	-1.03055e-39
36	7.13569e-39
37	-3.98986e-38
38	2.00082e-37
39	-9.34701e-37
40	4.14202e-36
41	-1.75804e-35
42	7.18912e-35
43	-2.84245e-34
44	1.08924e-33
45	-4.05133e-33
46	1.46406e-32
47	-5.14309e-32
48	1.75677e-31
49	-5.8343e-31
50	1.88337e-30
51	-5.90577e-30
52	1.79735e-29
53	-5.30156e-29
54	1.51279e-28
55	-4.16431e-28
56	1.10143e-27
57	-2.78157e-27
58	6.63961e-27
59	-1.47072e-26
60	2.91046e-26
61	-4.64223e-26
62	3.43223e-26
63	1.49186e-25
64	-8.15028e-25
65	1.88065e-24
66	-8.91338e-25
67	-1.0276e-23
68	4.9553e-23
69	-1.52069e-22
70	3.84942e-22
71	-8.68928e-22
72	1.79714e-21
73	-3.43007e-21
74	6.022e-21
75	-9.57508e-21
76	1.32256e-20
77	-1.39118e-20
78	3.77468e-21
79	3.4577e-20
80	-1.36109e-19
81	3.66313e-19
82	-8.40815e-19
83	1.75358e-18
84	-3.41502e-18
85	6.30035e-18
86	-1.11066e-17
87	1.88133e-17
88	-3.07397e-17
89	4.85841e-17
90	-7.44333e-17
91	1.10721e-16
92	-1.60126e-16
93	2.25388e-16
94	-3.09064e-16
95	4.13212e-16
96	-5.39062e-16
97	6.86691e-16
98	-8.54799e-16
99	1.0406e-15
100	-1.23993e-15
101	1.44753e-15
102	-1.65763e-15
103	1.86462e-15
104	-2.06391e-15
105	2.25271e-15
106	-2.43061e-15
107	2.60097e-15
108	-2.77003e-15
109	2.94722e-15
110	-3.14402e-15
111	3.37441e-15
112	-3.65274e-15
113	3.99259e-15
114	-4.40505e-15
115	4.89752e-15
116	-5.4721e-15
117	6.12459e-15
118	-6.84379e-15
119	7.61131e-15
120	-8.40191e-15
121	9.18461e-15
122	-9.92429e-15
123	1.05838e-14
124	-1.11266e-14
125	1.15192e-14
126	-1.17334e-14
127	1.17491e-14
128	-1.15387e-14
129	1.11239e-14
130	-1.05454e-14
131	9.8079e-15
132	-8.92531e-15
133	7.9386e-15
134	-6.88914e-15
135	5.81687e-15
136	-4.76049e-15
137	3.75741e-15
138	-2.84049e-15
139	2.03517e-15
140	-1.35278e-15
141	7.94011e-16
142	-3.52661e-16
143	2.28697e-17
144	2.04217e-16
145	-3.42901e-16
146	4.14785e-16
147	-4.39544e-16
148	4.30847e-16
149	-3.96539e-16
150	3.47241e-16
151	-2.94594e-16
152	2.46803e-16
153	-2.0347e-16
154	1.6343e-16
155	-1.28499e-16
156	1.02686e-16
157	-8.40233e-17
158	6.82048e-17
159	-5.32605e-17
160	4.23381e-17
161	-3.54087e-17
162	2.94753e-17
163	-2.19974e-17
164	1.58588e-17
165	-1.2381e-17
166	9.94097e-18
167	-5.89306e-18
168	2.46056e-18
169	-1.14814e-18
170	1.0025e-18
171	6.03741e-19
172	-2.01041e-18
173	1.92564e-18
174	-9.37332e-19
175	1.4186e-18
176	-1.9421e-18
177	1.47403e-18
178	-3.9192e-19
179	7.05019e-19
180	-1.03281e-18
181	6.39287e-19
182	1.73532e-19
183	2.41477e-19
184	-5.0086e-19
185	2.06458e-19
186	3.49421e-19
187	1.34987e-19
188	-2.80514e-19
189	3.50869e-20
190	3.29183e-19
191	1.59613e-19
192	-1.66086e-19
193	-3.76649e-20
194	2.53192e-19
195	1.94927e-19
196	-7.47688e-20
197	-6.70072e-20
198	1.6999e-19
199	2.06808e-19
200	6.28766e-21
201	-6.47774e-20
202	9.67451e-20
203	1.91731e-19
204	7.10768e-20
205	-3.79502e-20
206	4.35975e-20
207	1.56926e-19
208	1.12248e-19
209	3.10422e-21
210	1.61035e-20
211	1.14107e-19
212	1.2738e-19
213	4.5773e-20
214	1.34245e-20
215	7.57394e-20
216	1.20531e-19
217	7.87596e-20
218	2.86713e-20
219	5.10043e-20
220	1.00758e-19
221	9.574e-20
222	5.14617e-20
223	4.29834e-20
224	7.87797e-20
225	9.69148e-20
226	7.17263e-20
227	4.85238e-20
228	6.31135e-20
229	8.77698e-20
230	8.31807e-20
231	6.06395e-20
232	5.74184e-20
233	7.587e-20
234	8.48409e-20
235	7.20964e-20
236	6.02648e-20
237	6.73467e-20
238	8.00228e-20
239	7.84185e-20
240	6.71478e-20
241	6.47408e-20
242	7.36621e-20
243	7.89955e-20
244	7.34094e-20
245	6.69904e-20
246	6.95696e-20
247	7.6116e-20
248	7.6451e-20
249	7.11265e-20
250	6.89961e-20
251	7.28755e-20
252	7.62876e-20
253	7.44053e-20
254	7.09157e-20
255	7.13246e-20
256	7.45936e-20
257	7.56427e-20
258	7.3402e-20
259	7.1776e-20
260	7.31864e-20
261	7.52611e-20
262	7.50193e-20
263	7.33016e-20
264	7.2964e-20
265	7.44264e-20
266	7.54403e-20
267	7.47517e-20
268	7.37556e-20
269	7.40745e-20
270	7.51901e-20
271	7.5522e-20
272	7.48587e-20
273	7.44458e-20
274	7.49782e-20
275	7.56946e-20
276	7.56905e-20
277	7.52278e-20
278	7.51804e-20
279	7.56973e-20
280	7.61046e-20
281	7.59886e-20
282	7.57413e-20
283	7.58803e-20
284	7.62977e-20
285	7.65096e-20
286	7.63979e-20
287	7.63193e-20
288	7.65292e-20
289	7.68379e-20
290	7.69469e-20
291	7.68854e-20
292	7.69178e-20
293	7.7136e-20
294	7.7358e-20
295	7.74257e-20
296	7.74221e-20
297	7.75172e-20
298	7.7717e-20
299	7.78814e-20
300	7.79424e-20
301	7.79871e-20
302	7.81119e-20
303	7.82874e-20
304	7.84191e-20
305	7.8489e-20
306	7.8568e-20
307	7.87036e-20
308	7.88582e-20
309	7.89747e-20
310	7.90582e-20
311	7.9159e-20
312	7.92962e-20
313	7.94362e-20
314	7.95479e-20
315	7.96444e-20
316	7.97582e-20
317	7.98935e-20
318	8.00249e-20
319	8.01372e-20
320	8.02443e-20
321	8.03655e-20
322	8.04985e-20
323	8.06258e-20
324	8.07412e-20
325	8.08563e-20
326	8.09818e-20
327	8.11132e-20
328	8.12393e-20
329	8.13586e-20
330	8.14797e-20
331	8.16079e-20
332	8.17388e-20
333	8.18656e-20
334	8.19888e-20
335	8.21144e-20
336	8.22447e-20
337	8.2376e-20
338	8.25045e-20
339	8.26314e-20
340	8.27606e-20
341	8.28928e-20
342	8.30253e-20
343	8.31561e-20
344	8.32864e-20
345	8.34185e-20
346	8.35528e-20
347	8.3687e-20
348	8.38203e-20
349	8.39537e-20
350	8.40887e-20
351	8.4225e-20
352	8.43613e-20
353	8.44972e-20
354	8.46336e-20
355	8.47712e-20
356	8.49098e-20
357	8.50485e-20
358	8.51871e-20
359	8.53263e-20
360	8.54666e-20
361	8.56076e-20
362	8.57488e-20
363	8.58902e-20
364	8.60322e-20
365	8.61751e-20
366	8.63186e-20
367	8.64625e-20
368	8.66067e-20
369	8.67515e-20
370	8.68971e-20
371	8.70433e-20
372	8.71898e-20
373	8.73368e-20
374	8.74845e-20
375	8.76329e-20
376	8.77818e-20
377	8.79312e-20
378	8.80811e-20
379	8.82316e-20
380	8.83828e-20
381	8.85346e-20
382	8.86868e-20
383	8.88397e-20
384	8.89932e-20
385	8.91473e-20
386	8.9302e-20
387	8.94572e-20
388	8.96131e-20
389	8.97695e-20
390	8.99266e-20
391	9.00843e-20
392	9.02426e-20
393	9.04016e-20
394	9.05611e-20
395	9.07213e-20
396	9.08821e-20
397	9.10435e-20
398	9.12056e-20
399	9.13683e-20
400	9.15317e-20
401	9.16957e-20
402	9.18603e-20
403	9.20256e-20
404	9.21916e-20
405	9.23582e-20
406	9.25255e-20
407	9.26935e-20
408	9.28621e-20
409	9.30314e-20
410	9.32014e-20
411	9.3372e-20
412	9.35434e-20
413	9.37154e-20
414	9.38882e-20
415	9.40616e-20
416	9.42358e-20
417	9.44106e-20
418	9.45862e-20
419	9.47624e-20
420	9.49395e-20
421	9.51172e-20
422	9.52956e-20
423	9.54748e-20
424	9.56548e-20
425	9.58354e-20
426	9.60169e-20
427	9.6199e-20
428	9.6382e-20
429	9.65657e-20
430	9.67501e-20
431	9.69353e-20
432	9.71213e-20
433	9.73081e-20
434	9.74957e-20
435	9.76841e-20
436	9.78732e-20
437	9.80632e-20
438	9.8254e-20
439	9.84455e-20
440	9.86379e-20
441	9.88311e-20
442	9.90252e-20
443	9.92201e-20
444	9.94158e-20
445	9.96123e-20
446	9.98097e-20
447	1.00008e-19
448	1.00207e-19
449	1.00407e-19
450	1.00608e-19
451	1.0081e-19
452	1.01012e-19
453	1.01216e-19
454	1.0142e-19
455	1.01625e-19
456	1.01832e-19
457	1.02039e-19
458	1.02247e-19
459	1.02456e-19
460	1.02666e-19
461	1.02877e-19
462	1.03088e-19
463	1.03301e-19
464	1.03515e-19
465	1.03729e-19
466	1.03945e-19
467	1.04162e-19
468	1.04379e-19
469	1.04598e-19
470	1.04817e-19
471	1.05038e-19
472	1.0526e-19
473	1.05482e-19
474	1.05706e-19
475	1.0593e-19
476	1.06156e-19
477	1.06383e-19
478	1.06611e-19
479	1.0684e-19
480	1.0707e-19
481	1.07301e-19
482	1.07533e-19
483	1.07766e-19
484	1.08e-19
485	1.08236e-19
486	1.08472e-19
487	1.0871e-19
488	1.08949e-19
489	1.09189e-19
490	1.0943e-19
491	1.09672e-19
492	1.09915e-19
493	1.1016e-19
494	1.10406e-19
495	1.10653e-19
496	1.10901e-19
497	1.1115e-19
498	1.11401e-19
499	1.11653e-19
500	1.11906e-19
501	1.1216e-19
502	1.12416e-19
503	1.12673e-19
504	1.12931e-19
505	1.1319e-19
506	1.13451e-19
507	1.13713e-19
508	1.13976e-19
509	1.14241e-19
510	1.14507e-19
511	1.14774e-19
512	1.15043e-19
513	1.15313e-19
514	1.15585e-19
515	1.15858e-19
516	1.16132e-19
517	1.16407e-19
518	1.16684e-19
519	1.16963e-19
520	1.17243e-19
521	1.17524e-19
522	1.17807e-19
523	1.18091e-19
524	1.18377e-19
525	1.18665e-19
526	1.18953e-19
527	1.19244e-19
528	1.19536e-19
529	1.19829e-19
530	1.20124e-19
531	1.2042e-19
532	1.20719e-19
533	1.21018e-19
534	1.2132e-19
535	1.21622e-19
536	1.21927e-19
537	1.22233e-19
538	1.22541e-19
539	1.22851e-19
540	1.23162e-19
541	1.23475e-19
542	1.23789e-19
543	1.24106e-19
544	1.24424e-19
545	1.24744e-19
546	1.25065e-19
547	1.25389e-19
548	1.25714e-19
549	1.26041e-19
550	1.26369e-19
551	1.267e-19
552	1.27033e-19
553	1.27367e-19
554	1.27703e-19
555	1.28041e-19
556	1.28381e-19
557	1.28723e-19
558	1.29067e-19
559	1.29413e-19
560	1.29761e-19
561	1.30111e-19
562	1.30462e-19
563	1.30816e-19
564	1.31172e-19
565	1.3153e-19
566	1.3189e-19
567	1.32252e-19
568	1.32616e-19
569	1.32982e-19
570	1.33351e-19
571	1.33721e-19
572	1.34094e-19
573	1.34469e-19
574	1.34846e-19
575	1.35226e-19
576	1.35607e-19
577	1.35991e-19
578	1.36377e-19
579	1.36766e-19
580	1.37156e-19
581	1.37549e-19
582	1.37945e-19
583	1.38343e-19
584	1.38743e-19
585	1.39145e-19
586	1.3955e-19
587	1.39958e-19
588	1.40368e-19
589	1.4078e-19
590	1.41195e-19
591	1.41613e-19
592	1.42033e-19
593	1.42455e-19
594	1.42881e-19
595	1.43309e-19
596	1.43739e-19
597	1.44172e-19
598	1.44608e-19
599	1.45046e-19
600	1.45488e-19
601	1.45932e-19
602	1.46378e-19
603	1.46828e-19
604	1.4728e-19
605	1.47735e-19
606	1.48193e-19
607	1.48654e-19
608	1.49118e-19
609	1.49585e-19
610	1.50055e-19
611	1.50527e-19
612	1.51003e-19
613	1.51482e-19
614	1.51963e-19
615	1.52448e-19
616	1.52936e-19
617	1.53427e-19
618	1.53921e-19
619	1.54419e-19
620	1.54919e-19
621	1.55423e-19
622	1.5593e-19
623	1.56441e-19
624	1.56954e-19
625	1.57471e-19
626	1.57992e-19
627	1.58516e-19
628	1.59043e-19
629	1.59573e-19
630	1.60108e-19
631	1.60645e-19
632	1.61186e-19
633	1.61731e-19
634	1.62279e-19
635	1.62831e-19
636	1.63387e-19
637	1.63946e-19
638	1.64509e-19
639	1.65076e-19
640	1.65646e-19
641	1.66221e-19
642	1.66799e-19
643	1.67381e-19
644	1.67967e-19
645	1.68556e-19
646	1.6915e-19
647	1.69748e-19
648	1.7035e-19
649	1.70956e-19
650	1.71565e-19
651	1.72179e-19
652	1.72798e-19
653	1.7342e-19
654	1.74047e-19
655	1.74678e-19
656	1.75313e-19
657	1.75952e-19
658	1.76596e-19
659	1.77244e-19
660	1.77897e-19
661	1.78554e-19
662	1.79216e-19
663	1.79882e-19
664	1.80553e-19
665	1.81229e-19
666	1.81909e-19
667	1.82594e-19
668	1.83283e-19
669	1.83978e-19
670	1.84677e-19
671	1.85381e-19
672	1.8609e-19
673	1.86804e-19
674	1.87523e-19
675	1.88247e-19
676	1.88976e-19
677	1.8971e-19
678	1.9045e-19
679	1.91194e-19
680	1.91944e-19
681	1.927e-19
682	1.9346e-19
683	1.94226e-19
684	1.94998e-19
685	1.95775e-19
686	1.96557e-19
687	1.97346e-19
688	1.98139e-19
689	1.98939e-19
690	1.99745e-19
691	2.00556e-19
692	2.01373e-19
693	2.02197e-19
694	2.03026e-19
695	2.03862e-19
696	2.04703e-19
697	2.05551e-19
698	2.06406e-19
699	2.07267e-19
700	2.08134e-19
701	2.09008e-19
702	2.09889e-19
703	2.10776e-19
704	2.11671e-19
705	2.12572e-19
706	2.13481e-19
707	2.14396e-19
708	2.15319e-19
709	2.1625e-19
710	2.17188e-19
711	2.18134e-19
712	2.19088e-19
713	2.2005e-19
714	2.2102e-19
715	2.21999e-19
716	2.22986e-19
717	2.23982e-19
718	2.24987e-19
719	2.26001e-19
720	2.27024e-19
721	2.28058e-19
722	2.29101e-19
723	2.30154e-19
724	2.31219e-19
725	2.32294e-19
726	2.3338e-19
727	2.34478e-19
728	2.35588e-19
729	2.36711e-19
730	2.37846e-19
731	2.38995e-19
732	2.40158e-19
733	2.41335e-19
734	2.42527e-19
735	2.43735e-19
736	2.4496e-19
737	2.46202e-19
738	2.47462e-19
739	2.48741e-19
740	2.5004e-19
741	2.5136e-19
742	2.52702e-19
743	2.54066e-19
744	2.55455e-19
745	2.5687e-19
746	2.58312e-19
747	2.59783e-19
748	2.61284e-19
749	2.62817e-19
750	2.64384e-19
751	2.65987e-19
752	2.67629e-19
753	2.69311e-19
754	2.71037e-19
755	2.72809e-19
756	2.7463e-19
757	2.76504e-19
758	2.78433e-19
759	2.80422e-19
760	2.82474e-19
761	2.84594e-19
762	2.86786e-19
763	2.89056e-19
764	2.91409e-19
765	2.9385e-19
766	2.96385e-19
767	2.99022e-19
768	3.01768e-19
769	3.0463e-19
770	3.07615e-19
771	3.10735e-19
772	3.13997e-19
773	3.17412e-19
774	3.20991e-19
775	3.24747e-19
776	3.2869e-19
777	3.32837e-19
778	3.372e-19
779	3.41795e-19
780	3.46641e-19
781	3.51754e-19
782	3.57155e-19
783	3.62864e-19
784	3.68904e-19
785	3.753e-19
786	3.82076e-19
787	3.89261e-19
788	3.96885e-19
789	4.0498e-19
790	4.1358e-19
791	4.22722e-19
792	4.32447e-19
793	4.42796e-19
794	4.53813e-19
795	4.65551e-19
796	4.7806e-19
797	4.91396e-19
798	5.05621e-19
799	5.20797e-19
800	5.36996e-19
801	5.5429e-19
802	5.72761e-19
803	5.92492e-19
804	6.13576e-19
805	6.36109e-19
806	6.60198e-19
807	6.85955e-19
808	7.135e-19
809	7.42962e-19
810	7.74478e-19
811	8.08198e-19
812	8.44278e-19
813	8.82889e-19
814	9.24211e-19
815	9.6844e-19
816	1.01578e-18
817	1.06646e-18
818	1.12071e-18
819	1.17879e-18
820	1.24097e-18
821	1.30754e-18
822	1.37882e-18
823	1.45513e-18
824	1.53683e-18
825	1.62431e-18
826	1.71797e-18
827	1.81824e-18
828	1.92559e-18
829	2.04052e-18
830	2.16355e-18
831	2.29527e-18
832	2.43626e-18
833	2.58719e-18
834	2.74874e-18
835	2.92165e-18
836	3.10671e-18
837	3.30476e-18
838	3.51672e-18
839	3.74352e-18
840	3.98621e-18
841	4.24588e-18
842	4.52369e-18
843	4.8209e-18
844	5.13883e-18
845	5.47891e-18
846	5.84266e-18
847	6.23168e-18
848	6.64771e-18
849	7.09258e-18
850	7.56825e-18
851	8.07683e-18
852	8.62054e-18
853	9.20175e-18
854	9.82301e-18
855	1.0487e-17
856	1.11967e-17
857	1.1955e-17
858	1.27653e-17
859	1.36311e-17
860	1.4556e-17
861	1.55441e-17
862	1.65995e-17
863	1.77268e-17
864	1.89306e-17
865	2.02162e-17
866	2.15889e-17
867	2.30546e-17
868	2.46192e-17
869	2.62895e-17
870	2.80723e-17
871	2.99751e-17
872	3.20058e-17
873	3.41726e-17
874	3.64847e-17
875	3.89515e-17
876	4.1583e-17
877	4.439e-17
878	4.73841e-17
879	5.05772e-17
880	5.39824e-17
881	5.76133e-17
882	6.14847e-17
883	6.5612e-17
884	7.00117e-17
885	7.47014e-17
886	7.96998e-17
887	8.50266e-17
888	9.0703e-17
889	9.67512e-17
890	1.03195e-16
891	1.1006e-16
892	1.17372e-16
893	1.25161e-16
894	1.33456e-16
895	1.4229e-16
896	1.51696e-16
897	1.61712e-16
898	1.72374e-16
899	1.83725e-16
900	1.95806e-16
901	2.08666e-16
902	2.22351e-16
903	2.36913e-16
904	2.52409e-16
905	2.68895e-16
906	2.86434e-16
907	3.05091e-16
908	3.24935e-16
909	3.46041e-16
910	3.68485e-16
911	3.92352e-16
912	4.17729e-16
913	4.44708e-16
914	4.73389e-16
915	5.03876e-16
916	5.3628e-16
917	5.70718e-16
918	6.07315e-16
919	6.46202e-16
920	6.8752e-16
921	7.31415e-16
922	7.78044e-16
923	8.27574e-16
924	8.80181e-16
925	9.36049e-16
926	9.95376e-16
927	1.05837e-15
928	1.12525e-15
929	1.19626e-15
930	1.27163e-15
931	1.35164e-15
932	1.43655e-15
933	1.52667e-15
934	1.6223e-15
935	1.72376e-15
936	1.83141e-15
937	1.94562e-15
938	2.06676e-15
939	2.19526e-15
940	2.33155e-15
941	2.47608e-15
942	2.62934e-15
943	2.79185e-15
944	2.96414e-15
945	3.14679e-15
946	3.34041e-15
947	3.54563e-15
948	3.76314e-15
949	3.99364e-15
950	4.2379e-15
951	4.49671e-15
952	4.77091e-15
953	5.0614e-15
954	5.36912e-15
955	5.69505e-15
956	6.04026e-15
957	6.40584e-15
958	6.79296e-15
959	7.20287e-15
960	7.63685e-15
961	8.0963e-15
962	8.58266e-15
963	9.09746e-15
964	9.64232e-15
965	1.02189e-14
966	1.08291e-14
967	1.14748e-14
968	1.21579e-14
969	1.28806e-14
970	1.36451e-14
971	1.44538e-14
972	1.53091e-14
973	1.62137e-14
974	1.71702e-14
975	1.81817e-14
976	1.92512e-14
977	2.03819e-14
978	2.15771e-14
979	2.28406e-14
980	2.4176e-14
981	2.55874e-14
982	2.70789e-14
983	2.86551e-14
984	3.03204e-14
985	3.20798e-14
986	3.39386e-14
987	3.59021e-14
988	3.79761e-14
989	4.01666e-14
990	4.24799e-14
991	4.49228e-14
992	4.75023e-14
993	5.02258e-14
994	5.3101e-14
995	5.61364e-14
996	5.93404e-14
997	6.27221e-14
998	6.62912e-14
999	7.00577e-14
1000	7.40323e-14
1001	7.82259e-14
1002	8.26505e-14
1003	8.73183e-14
1004	9.22422e-14
1005	9.7436e-14
1006	1.02914e-13
1007	1.08691e-13
1008	1.14783e-13
1009	1.21208e-13
1010	1.27981e-13
1011	1.35122e-13
1012	1.4265e-13
1013	1.50586e-13
1014	1.58951e-13
1015	1.67766e-13
1016	1.77057e-13
1017	1.86848e-13
1018	1.97164e-13
1019	2.08033e-13
1020	2.19485e-13
1021	2.31548e-13
1022	2.44256e-13
1023	2.5764e-13
1024	2.71737e-13
1025	2.86582e-13
1026	3.02215e-13
1027	3.18676e-13
1028	3.36007e-13
1029	3.54253e-13
1030	3.73461e-13
1031	3.9368e-13
1032	4.14961e-13
1033	4.37359e-13
1034	4.6093e-13
1035	4.85733e-13
1036	5.11833e-13
1037	5.39293e-13
1038	5.68182e-13
1039	5.98573e-13
1040	6.30542e-13
1041	6.64167e-13
1042	6.99531e-13
1043	7.36722e-13
1044	7.75832e-13
1045	8.16955e-13
1046	8.60193e-13
1047	9.0565e-13
1048	9.53437e-13
1049	1.00367e-12
1050	1.05647e-12
1051	1.11196e-12
1052	1.17028e-12
1053	1.23157e-12
1054	1.29596e-12
1055	1.36363e-12
1056	1.43471e-12
1057	1.50939e-12
1058	1.58784e-12
1059	1.67024e-12
1060	1.75679e-12
1061	1.84768e-12
1062	1.94313e-12
1063	2.04336e-12
1064	2.1486e-12
1065	2.2591e-12
1066	2.3751e-12
1067	2.49687e-12
1068	2.62469e-12
1069	2.75885e-12
1070	2.89966e-12
1071	3.04743e-12
1072	3.20249e-12
1073	3.3652e-12
1074	3.53591e-12
1075	3.71502e-12
1076	3.90291e-12
1077	4.1e-12
1078	4.30674e-12
1079	4.52357e-12
1080	4.75097e-12
1081	4.98944e-12
1082	5.2395e-12
1083	5.5017e-12
1084	5.7766e-12
1085	6.0648e-12
1086	6.36692e-12
1087	6.68361e-12
1088	7.01555e-12
1089	7.36344e-12
1090	7.72803e-12
1091	8.1101e-12
1092	8.51045e-12
1093	8.92992e-12
1094	9.3694e-12
1095	9.82981e-12
1096	1.03121e-11
1097	1.08173e-11
1098	1.13465e-11
1099	1.19007e-11
1100	1.2481e-11
1101	1.30888e-11
1102	1.37252e-11
1103	1.43915e-11
1104	1.50891e-11
1105	1.58194e-11
1106	1.65839e-11
1107	1.73841e-11
1108	1.82216e-11
1109	1.90982e-11
1110	2.00156e-11
1111	2.09755e-11
1112	2.198e-11
1113	2.3031e-11
1114	2.41305e-11
1115	2.52808e-11
1116	2.64841e-11
1117	2.77428e-11
1118	2.90592e-11
1119	3.04361e-11
1120	3.1876e-11
1121	3.33817e-11
1122	3.49561e-11
1123	3.66023e-11
1124	3.83234e-11
1125	4.01227e-11
1126	4.20036e-11
1127	4.39697e-11
1128	4.60247e-11
1129	4.81725e-11
1130	5.0417e-11
1131	5.27626e-11
1132	5.52135e-11
1133	5.77745e-11
1134	6.04501e-11
1135	6.32453e-11
1136	6.61654e-11
1137	6.92156e-11
1138	7.24016e-11
1139	7.57292e-11
1140	7.92044e-11
1141	8.28335e-11
1142	8.66232e-11
1143	9.05802e-11
1144	9.47116e-11
1145	9.90249e-11
1146	1.03528e-10
1147	1.08228e-10
1148	1.13135e-10
1149	1.18256e-10
1150	1.236e-10
1151	1.29178e-10
1152	1.34998e-10
1153	1.41072e-10
1154	1.47409e-10
1155	1.5402e-10
1156	1.60918e-10
1157	1.68113e-10
1158	1.75619e-10
1159	1.83448e-10
1160	1.91613e-10
1161	2.00129e-10
1162	2.0901e-10
1163	2.1827e-10
1164	2.27926e-10
1165	2.37994e-10
1166	2.48491e-10
1167	2.59434e-10
1168	2.70841e-10
1169	2.82732e-10
1170	2.95125e-10
1171	3.08042e-10
1172	3.21504e-10
1173	3.35533e-10
1174	3.50151e-10
1175	3.65383e-10
1176	3.81254e-10
1177	3.97788e-10
1178	4.15013e-10
1179	4.32957e-10
1180	4.51647e-10
1181	4.71115e-10
1182	4.9139e-10
1183	5.12506e-10
1184	5.34495e-10
1185	5.57393e-10
1186	5.81235e-10
1187	6.06059e-10
1188	6.31904e-10
1189	6.58809e-10
1190	6.86817e-10
1191	7.15971e-10
1192	7.46316e-10
1193	7.77898e-10
1194	8.10766e-10
1195	8.44971e-10
1196	8.80564e-10
1197	9.17599e-10
1198	9.56133e-10
1199	9.96223e-10
1200	1.03793e-09
1201	1.08132e-09
1202	1.12645e-09
1203	1.17339e-09
1204	1.22221e-09
1205	1.27299e-09
1206	1.32579e-09
1207	1.3807e-09
1208	1.4378e-09
1209	1.49717e-09
1210	1.55889e-09
1211	1.62306e-09
1212	1.68977e-09
1213	1.75911e-09
1214	1.83119e-09
1215	1.9061e-09
1216	1.98396e-09
1217	2.06488e-09
1218	2.14896e-09
1219	2.23634e-09
1220	2.32713e-09
1221	2.42145e-09
1222	2.51945e-09
1223	2.62126e-09
1224	2.72702e-09
1225	2.83688e-09
1226	2.95099e-09
1227	3.0695e-09
1228	3.19258e-09
1229	3.32041e-09
1230	3.45314e-09
1231	3.59097e-09
1232	3.73407e-09
1233	3.88265e-09
1234	4.03691e-09
1235	4.19704e-09
1236	4.36327e-09
1237	4.53582e-09
1238	4.71491e-09
1239	4.90079e-09
1240	5.09369e-09
1241	5.29388e-09
1242	5.50162e-09
1243	5.71717e-09
1244	5.94082e-09
1245	6.17287e-09
1246	6.4136e-09
1247	6.66333e-09
1248	6.92239e-09
1249	7.1911e-09
1250	7.46981e-09
1251	7.75887e-09
1252	8.05865e-09
1253	8.36954e-09
1254	8.69192e-09
1255	9.02619e-09
1256	9.37279e-09
1257	9.73213e-09
1258	1.01047e-08
1259	1.04909e-08
1260	1.08912e-08
1261	1.13062e-08
1262	1.17363e-08
1263	1.21821e-08
1264	1.26441e-08
1265	1.31229e-08
1266	1.3619e-08
1267	1.41331e-08
1268	1.46658e-08
1269	1.52177e-08
1270	1.57894e-08
1271	1.63818e-08
1272	1.69953e-08
1273	1.76309e-08
1274	1.82893e-08
1275	1.89711e-08
1276	1.96773e-08
1277	2.04086e-08
1278	2.11659e-08
1279	2.19501e-08
1280	2.2762e-08
1281	2.36027e-08
1282	2.44731e-08
1283	2.53742e-08
1284	2.6307e-08
1285	2.72726e-08
1286	2.8272e-08
1287	2.93065e-08
1288	3.03772e-08
1289	3.14852e-08
1290	3.26319e-08
1291	3.38184e-08
1292	3.50462e-08
1293	3.63166e-08
1294	3.76309e-08
1295	3.89907e-08
1296	4.03975e-08
1297	4.18527e-08
1298	4.33579e-08
1299	4.49149e-08
1300	4.65253e-08
1301	4.81908e-08
1302	4.99132e-08
1303	5.16943e-08
1304	5.35362e-08
1305	5.54406e-08
1306	5.74098e-08
1307	5.94456e-08
1308	6.15504e-08
1309	6.37263e-08
1310	6.59755e-08
1311	6.83005e-08
1312	7.07037e-08
1313	7.31875e-08
1314	7.57545e-08
1315	7.84074e-08
1316	8.11488e-08
1317	8.39817e-08
1318	8.69088e-08
1319	8.99332e-08
1320	9.3058e-08
1321	9.62862e-08
1322	9.96211e-08
1323	1.03066e-07
1324	1.06625e-07
1325	1.103e-07
1326	1.14097e-07
1327	1.18017e-07
1328	1.22067e-07
1329	1.26248e-07
1330	1.30566e-07
1331	1.35025e-07
1332	1.39628e-07
1333	1.44381e-07
1334	1.49288e-07
1335	1.54354e-07
1336	1.59583e-07
1337	1.64981e-07
1338	1.70553e-07
1339	1.76304e-07
1340	1.82239e-07
1341	1.88364e-07
1342	1.94686e-07
1343	2.01209e-07
1344	2.0794e-07
1345	2.14885e-07
1346	2.22051e-07
1347	2.29444e-07
1348	2.37071e-07
1349	2.44939e-07
1350	2.53055e-07
1351	2.61427e-07
1352	2.70062e-07
1353	2.78969e-07
1354	2.88154e-07
1355	2.97627e-07
1356	3.07395e-07
1357	3.17469e-07
1358	3.27855e-07
1359	3.38565e-07
1360	3.49607e-07
1361	3.60991e-07
1362	3.72727e-07
1363	3.84825e-07
1364	3.97295e-07
1365	4.1015e-07
1366	4.23399e-07
1367	4.37054e-07
1368	4.51128e-07
1369	4.65631e-07
1370	4.80577e-07
1371	4.95978e-07
1372	5.11847e-07
1373	5.28198e-07
1374	5.45044e-07
1375	5.62399e-07
1376	5.80279e-07
1377	5.98697e-07
1378	6.1767e-07
1379	6.37213e-07
1380	6.57341e-07
1381	6.78073e-07
1382	6.99424e-07
1383	7.21412e-07
1384	7.44055e-07
1385	7.67371e-07
1386	7.91379e-07
1387	8.16099e-07
1388	8.4155e-07
1389	8.67752e-07
1390	8.94727e-07
1391	9.22496e-07
1392	9.51081e-07
1393	9.80504e-07
1394	1.01079e-06
1395	1.04196e-06
1396	1.07404e-06
1397	1.10705e-06
1398	1.14103e-06
1399	1.17599e-06
1400	1.21196e-06
1401	1.24897e-06
1402	1.28706e-06
1403	1.32624e-06
1404	1.36655e-06
1405	1.40801e-06
1406	1.45067e-06
1407	1.49455e-06
1408	1.53968e-06
1409	1.5861e-06
1410	1.63384e-06
1411	1.68294e-06
1412	1.73343e-06
1413	1.78535e-06
1414	1.83875e-06
1415	1.89365e-06
1416	1.95009e-06
1417	2.00813e-06
1418	2.0678e-06
1419	2.12914e-06
1420	2.19219e-06
1421	2.25701e-06
1422	2.32364e-06
1423	2.39212e-06
1424	2.46251e-06
1425	2.53485e-06
1426	2.60919e-06
1427	2.68559e-06
1428	2.7641e-06
1429	2.84478e-06
1430	2.92767e-06
1431	3.01284e-06
1432	3.10034e-06
1433	3.19024e-06
1434	3.28259e-06
1435	3.37747e-06
1436	3.47492e-06
1437	3.57503e-06
1438	3.67785e-06
1439	3.78345e-06
1440	3.89191e-06
1441	4.0033e-06
1442	4.11769e-06
1443	4.23515e-06
1444	4.35576e-06
1445	4.47961e-06
1446	4.60677e-06
1447	4.73733e-06
1448	4.87137e-06
1449	5.00897e-06
1450	5.15023e-06
1451	5.29523e-06
1452	5.44407e-06
1453	5.59685e-06
1454	5.75365e-06
1455	5.91458e-06
1456	6.07974e-06
1457	6.24923e-06
1458	6.42317e-06
1459	6.60164e-06
1460	6.78478e-06
1461	6.97269e-06
1462	7.16548e-06
1463	7.36328e-06
1464	7.5662e-06
1465	7.77437e-06
1466	7.98791e-06
1467	8.20696e-06
1468	8.43164e-06
1469	8.66209e-06
1470	8.89845e-06
1471	9.14086e-06
1472	9.38946e-06
1473	9.64439e-06
1474	9.90582e-06
1475	1.01739e-05
1476	1.04488e-05
1477	1.07306e-05
1478	1.10195e-05
1479	1.13157e-05
1480	1.16194e-05
1481	1.19308e-05
1482	1.22499e-05
1483	1.2577e-05
1484	1.29123e-05
1485	1.3256e-05
1486	1.36082e-05
1487	1.39692e-05
1488	1.43392e-05
1489	1.47183e-05
1490	1.51067e-05
1491	1.55048e-05
1492	1.59127e-05
1493	1.63306e-05
1494	1.67588e-05
1495	1.71974e-05
1496	1.76468e-05
1497	1.81072e-05
1498	1.85788e-05
1499	1.90618e-05
1500	1.95566e-05
1501	2.00634e-05
1502	2.05824e-05
1503	2.1114e-05
1504	2.16584e-05
1505	2.22159e-05
1506	2.27868e-05
1507	2.33713e-05
1508	2.39699e-05
1509	2.45827e-05
1510	2.52102e-05
1511	2.58526e-05
1512	2.65102e-05
1513	2.71835e-05
1514	2.78727e-05
1515	2.85781e-05
1516	2.93002e-05
1517	3.00393e-05
1518	3.07958e-05
1519	3.15699e-05
1520	3.23623e-05
1521	3.31731e-05
1522	3.40028e-05
1523	3.48519e-05
1524	3.57207e-05
1525	3.66096e-05
1526	3.75191e-05
1527	3.84496e-05
1528	3.94016e-05
1529	4.03755e-05
1530	4.13717e-05
1531	4.23909e-05
1532	4.34333e-05
1533	4.44996e-05
1534	4.55902e-05
1535	4.67056e-05
1536	4.78463e-05
1537	4.90129e-05
1538	5.0206e-05
1539	5.1426e-05
1540	5.26735e-05
1541	5.3949e-05
1542	5.52533e-05
1543	5.65868e-05
1544	5.79501e-05
1545	5.93439e-05
1546	6.07688e-05
1547	6.22253e-05
1548	6.37143e-05
1549	6.52362e-05
1550	6.67919e-05
1551	6.83819e-05
1552	7.00069e-05
1553	7.16677e-05
1554	7.3365e-05
1555	7.50995e-05
1556	7.6872e-05
1557	7.86831e-05
1558	8.05338e-05
1559	8.24247e-05
1560	8.43567e-05
1561	8.63305e-05
1562	8.8347e-05
1563	9.04071e-05
1564	9.25116e-05
1565	9.46613e-05
1566	9.68572e-05
1567	9.91002e-05
1568	0.000101391
1569	0.000103731
1570	0.000106121
1571	0.000108561
1572	0.000111053
1573	0.000113598
1574	0.000116197
1575	0.000118851
1576	0.00012156
1577	0.000124327
1578	0.000127151
1579	0.000130035
1580	0.000132979
1581	0.000135984
1582	0.000139052
1583	0.000142184
1584	0.000145381
1585	0.000148643
1586	0.000151973
1587	0.000155372
1588	0.000158841
1589	0.000162381
1590	0.000165993
1591	0.00016968
1592	0.000173441
1593	0.00017728
1594	0.000181196
1595	0.000185192
1596	0.000189268
1597	0.000193428
1598	0.000197671
1599	0.000201999
1600	0.000206415
1601	0.000210919
1602	0.000215513
1603	0.000220199
1604	0.000224978
1605	0.000229853
1606	0.000234824
1607	0.000239894
1608	0.000245064
1609	0.000250336
1610	0.000255712
1611	0.000261194
1612	0.000266783
1613	0.000272482
1614	0.000278293
1615	0.000284216
1616	0.000290255
1617	0.000296411
1618	0.000302687
1619	0.000309084
1620	0.000315604
1621	0.000322251
1622	0.000329025
1623	0.000335929
1624	0.000342965
1625	0.000350136
1626	0.000357444
1627	0.000364891
1628	0.00037248
1629	0.000380212
1630	0.000388091
1631	0.000396118
1632	0.000404297
1633	0.00041263
1634	0.000421119
1635	0.000429767
1636	0.000438577
1637	0.000447552
1638	0.000456693
1639	0.000466004
1640	0.000475488
1641	0.000485148
1642	0.000494986
1643	0.000505005
1644	0.000515209
1645	0.0005256
1646	0.000536181
1647	0.000546956
1648	0.000557927
1649	0.000569098
1650	0.000580472
1651	0.000592052
1652	0.000603842
1653	0.000615844
1654	0.000628063
1655	0.000640502
1656	0.000653164
1657	0.000666052
1658	0.000679171
1659	0.000692523
1660	0.000706114
1661	0.000719945
1662	0.000734022
1663	0.000748348
1664	0.000762926
1665	0.000777762
1666	0.000792857
1667	0.000808218
1668	0.000823847
1669	0.00083975
1670	0.000855929
1671	0.00087239
1672	0.000889136
1673	0.000906172
1674	0.000923503
1675	0.000941133
1676	0.000959065
1677	0.000977306
1678	0.000995859
1679	0.00101473
1680	0.00103392
1681	0.00105344
1682	0.00107329
1683	0.00109348
1684	0.00111401
1685	0.00113488
1686	0.00115611
1687	0.00117769
1688	0.00119964
1689	0.00122195
1690	0.00124463
1691	0.0012677
1692	0.00129114
1693	0.00131498
1694	0.00133921
1695	0.00136384
1696	0.00138887
1697	0.00141432
1698	0.00144018
1699	0.00146647
1700	0.00149319
1701	0.00152034
1702	0.00154794
1703	0.00157598
1704	0.00160448
1705	0.00163344
1706	0.00166286
1707	0.00169276
1708	0.00172314
1709	0.001754
1710	0.00178536
1711	0.00181722
1712	0.00184958
1713	0.00188246
1714	0.00191586
1715	0.00194979
1716	0.00198425
1717	0.00201926
1718	0.00205481
1719	0.00209092
1720	0.0021276
1721	0.00216485
1722	0.00220267
1723	0.00224109
1724	0.0022801
1725	0.00231971
1726	0.00235993
1727	0.00240078
1728	0.00244225
1729	0.00248435
1730	0.0025271
1731	0.0025705
1732	0.00261456
1733	0.00265929
1734	0.0027047
1735	0.00275079
1736	0.00279758
1737	0.00284507
1738	0.00289327
1739	0.0029422
1740	0.00299185
1741	0.00304225
1742	0.0030934
1743	0.0031453
1744	0.00319797
1745	0.00325142
1746	0.00330566
1747	0.0033607
1748	0.00341654
1749	0.0034732
1750	0.00353069
1751	0.00358901
1752	0.00364818
1753	0.00370821
1754	0.0037691
1755	0.00383088
1756	0.00389354
1757	0.00395711
1758	0.00402158
1759	0.00408698
1760	0.0041533
1761	0.00422058
1762	0.0042888
1763	0.00435799
1764	0.00442816
1765	0.00449932
1766	0.00457148
1767	0.00464465
1768	0.00471884
1769	0.00479407
1770	0.00487035
1771	0.00494768
1772	0.00502609
1773	0.00510558
1774	0.00518617
1775	0.00526786
1776	0.00535068
1777	0.00543463
1778	0.00551973
1779	0.00560598
1780	0.00569341
1781	0.00578202
1782	0.00587184
1783	0.00596286
1784	0.00605511
1785	0.00614859
1786	0.00624333
1787	0.00633934
1788	0.00643662
1789	0.0065352
1790	0.00663508
1791	0.00673629
1792	0.00683883
1793	0.00694272
1794	0.00704797
1795	0.00715461
1796	0.00726263
1797	0.00737207
1798	0.00748293
1799	0.00759522
1800	0.00770897
1801	0.00782418
1802	0.00794088
1803	0.00805908
1804	0.00817878
1805	0.00830002
1806	0.0084228
1807	0.00854715
1808	0.00867307
1809	0.00880058
1810	0.0089297
1811	0.00906044
1812	0.00919282
1813	0.00932686
1814	0.00946258
1815	0.00959998
1816	0.00973909
1817	0.00987992
1818	0.0100225
1819	0.0101668
1820	0.0103129
1821	0.0104608
1822	0.0106105
1823	0.0107621
1824	0.0109154
1825	0.0110707
1826	0.0112278
1827	0.0113868
1828	0.0115477
1829	0.0117106
1830	0.0118754
1831	0.0120421
1832	0.0122109
1833	0.0123816
1834	0.0125544
1835	0.0127293
1836	0.0129061
1837	0.0130851
1838	0.0132662
1839	0.0134493
1840	0.0136347
1841	0.0138221
1842	0.0140118
1843	0.0142036
1844	0.0143977
1845	0.0145939
1846	0.0147925
1847	0.0149933
1848	0.0151964
1849	0.0154018
1850	0.0156095
1851	0.0158196
1852	0.0160321
1853	0.0162469
1854	0.0164642
1855	0.0166838
1856	0.016906
1857	0.0171306
1858	0.0173577
1859	0.0175873
1860	0.0178195
1861	0.0180542
1862	0.0182915
1863	0.0185313
1864	0.0187738
1865	0.019019
1866	0.0192668
1867	0.0195173
1868	0.0197704
1869	0.0200263
1870	0.020285
1871	0.0205464
1872	0.0208106
1873	0.0210776
1874	0.0213475
1875	0.0216202
1876	0.0218958
1877	0.0221743
1878	0.0224557
1879	0.02274
1880	0.0230273
1881	0.0233176
1882	0.0236109
1883	0.0239072
1884	0.0242066
1885	0.0245091
1886	0.0248146
1887	0.0251233
1888	0.0254351
1889	0.0257501
1890	0.0260683
1891	0.0263896
1892	0.0267143
1893	0.0270421
1894	0.0273733
1895	0.0277077
1896	0.0280455
1897	0.0283867
1898	0.0287312
1899	0.029079
1900	0.0294304
1901	0.0297851
1902	0.0301433
1903	0.030505
1904	0.0308702
1905	0.031239
1906	0.0316113
1907	0.0319871
1908	0.0323666
1909	0.0327497
1910	0.0331365
1911	0.0335269
1912	0.033921
1913	0.0343189
1914	0.0347204
1915	0.0351258
1916	0.0355349
1917	0.0359479
1918	0.0363647
1919	0.0367853
1920	0.0372098
1921	0.0376382
1922	0.0380706
1923	0.0385069
1924	0.0389472
1925	0.0393915
1926	0.0398398
1927	0.0402921
1928	0.0407485
1929	0.041209
1930	0.0416737
1931	0.0421424
1932	0.0426154
1933	0.0430925
1934	0.0435738
1935	0.0440593
1936	0.0445491
1937	0.0450432
1938	0.0455416
1939	0.0460443
1940	0.0465513
1941	0.0470627
1942	0.0475785
1943	0.0480987
1944	0.0486234
1945	0.0491525
1946	0.0496861
1947	0.0502242
1948	0.0507668
1949	0.0513139
1950	0.0518657
1951	0.052422
1952	0.052983
1953	0.0535486
1954	0.0541188
1955	0.0546937
1956	0.0552734
1957	0.0558577
1958	0.0564468
1959	0.0570407
1960	0.0576394
1961	0.0582429
1962	0.0588512
1963	0.0594643
1964	0.0600824
1965	0.0607053
1966	0.0613332
1967	0.061966
1968	0.0626037
1969	0.0632465
1970	0.0638942
1971	0.064547
1972	0.0652048
1973	0.0658677
1974	0.0665356
1975	0.0672087
1976	0.0678868
1977	0.0685702
1978	0.0692586
1979	0.0699523
1980	0.0706512
1981	0.0713552
1982	0.0720646
1983	0.0727791
1984	0.073499
1985	0.0742241
1986	0.0749546
1987	0.0756904
1988	0.0764316
1989	0.0771781
1990	0.07793
1991	0.0786873
1992	0.07945
1993	0.0802182
1994	0.0809918
1995	0.0817709
1996	0.0825555
1997	0.0833456
1998	0.0841412
1999	0.0849423
2000	0.085749
2001	0.0865613
2002	0.0873792
2003	0.0882027
2004	0.0890318
2005	0.0898665
2006	0.0907069
2007	0.0915529
2008	0.0924046
2009	0.093262
2010	0.0941251
2011	0.094994
2012	0.0958685
2013	0.0967489
2014	0.0976349
2015	0.0985268
2016	0.0994244
2017	0.100328
2018	0.101237
2019	0.102152
2020	0.103073
2021	0.104
2022	0.104933
2023	0.105871
2024	0.106815
2025	0.107766
2026	0.108722
2027	0.109684
2028	0.110652
2029	0.111626
2030	0.112606
2031	0.113592
2032	0.114583
2033	0.115581
2034	0.116585
2035	0.117595
2036	0.11861
2037	0.119632
2038	0.12066
2039	0.121694
2040	0.122733
2041	0.123779
2042	0.124831
2043	0.125889
2044	0.126953
2045	0.128023
2046	0.129099
2047	0.130181
2048	0.131269
2049	0.132363
2050	0.133464
2051	0.13457
2052	0.135682
2053	0.136801
2054	0.137926
2055	0.139056
2056	0.140193
2057	0.141336
2058	0.142485
2059	0.14364
2060	0.144802
2061	0.145969
2062	0.147142
2063	0.148322
2064	0.149508
2065	0.150699
2066	0.151897
2067	0.153101
2068	0.154311
2069	0.155527
2070	0.156749
2071	0.157978
2072	0.159212
2073	0.160453
2074	0.161699
2075	0.162952
2076	0.16421
2077	0.165475
2078	0.166746
2079	0.168023
2080	0.169306
2081	0.170595
2082	0.17189
2083	0.173191
2084	0.174498
2085	0.175811
2086	0.17713
2087	0.178455
2088	0.179786
2089	0.181123
2090	0.182466
2091	0.183815
2092	0.18517
2093	0.18653
2094	0.187897
2095	0.18927
2096	0.190649
2097	0.192033
2098	0.193423
2099	0.19482
2100	0.196222
2101	0.19763
2102	0.199044
2103	0.200463
2104	0.201889
2105	0.20332
2106	0.204757
2107	0.206199
2108	0.207648
2109	0.209102
2110	0.210562
2111	0.212028
2112	0.213499
2113	0.214976
2114	0.216459
2115	0.217947
2116	0.219441
2117	0.22094
2118	0.222445
2119	0.223955
2120	0.225471
2121	0.226993
2122	0.22852
2123	0.230053
2124	0.23159
2125	0.233134
2126	0.234683
2127	0.236237
2128	0.237796
2129	0.239361
2130	0.240931
2131	0.242506
2132	0.244087
2133	0.245673
2134	0.247264
2135	0.24886
2136	0.250461
2137	0.252068
2138	0.25368
2139	0.255296
2140	0.256918
2141	0.258545
2142	0.260176
2143	0.261813
2144	0.263455
2145	0.265101
2146	0.266753
2147	0.268409
2148	0.27007
2149	0.271736
2150	0.273406
2151	0.275081
2152	0.276761
2153	0.278446
2154	0.280135
2155	0.281829
2156	0.283527
2157	0.28523
2158	0.286937
2159	0.288649
2160	0.290365
2161	0.292086
2162	0.293811
2163	0.29554
2164	0.297274
2165	0.299012
2166	0.300754
2167	0.3025
2168	0.30425
2169	0.306004
2170	0.307763
2171	0.309525
2172	0.311291
2173	0.313062
2174	0.314836
2175	0.316614
2176	0.318396
2177	0.320182
2178	0.321971
2179	0.323764
2180	0.325561
2181	0.327361
2182	0.329165
2183	0.330973
2184	0.332783
2185	0.334598
2186	0.336416
2187	0.338237
2188	0.340061
2189	0.341889
2190	0.34372
2191	0.345554
2192	0.347391
2193	0.349231
2194	0.351075
2195	0.352921
2196	0.354771
2197	0.356623
2198	0.358478
2199	0.360336
2200	0.362197
2201	0.36406
2202	0.365926
2203	0.367795
2204	0.369666
2205	0.37154
2206	0.373416
2207	0.375295
2208	0.377176
2209	0.379059
2210	0.380945
2211	0.382833
2212	0.384723
2213	0.386616
2214	0.38851
2215	0.390406
2216	0.392305
2217	0.394205
2218	0.396107
2219	0.398011
2220	0.399917
2221	0.401825
2222	0.403734
2223	0.405645
2224	0.407557
2225	0.409471
2226	0.411387
2227	0.413304
2228	0.415222
2229	0.417141
2230	0.419062
2231	0.420984
2232	0.422907
2233	0.424831
2234	0.426757
2235	0.428683
2236	0.43061
2237	0.432538
2238	0.434467
2239	0.436397
2240	0.438327
2241	0.440258
2242	0.442189
2243	0.444122
2244	0.446054
2245	0.447987
2246	0.449921
2247	0.451855
2248	0.453789
2249	0.455723
2250	0.457657
2251	0.459592
2252	0.461527
2253	0.463461
2254	0.465396
2255	0.46733
2256	0.469264
2257	0.471198
2258	0.473132
2259	0.475065
2260	0.476998
2261	0.478931
2262	0.480863
2263	0.482794
2264	0.484725
2265	0.486655
2266	0.488584
2267	0.490512
2268	0.49244
2269	0.494367
2270	0.496293
2271	0.498217
2272	0.500141
2273	0.502063
2274	0.503985
2275	0.505905
2276	0.507823
2277	0.509741
2278	0.511656
2279	0.513571
2280	0.515484
2281	0.517395
2282	0.519304
2283	0.521212
2284	0.523118
2285	0.525023
2286	0.526925
2287	0.528825
2288	0.530724
2289	0.53262
2290	0.534514
2291	0.536406
2292	0.538296
2293	0.540184
2294	0.542069
2295	0.543951
2296	0.545832
2297	0.54771
2298	0.549585
2299	0.551457
2300	0.553327
2301	0.555194
2302	0.557059
2303	0.55892
2304	0.560779
2305	0.562635
2306	0.564487
2307	0.566337
2308	0.568183
2309	0.570026
2310	0.571866
2311	0.573703
2312	0.575537
2313	0.577367
2314	0.579193
2315	0.581016
2316	0.582835
2317	0.584651
2318	0.586463
2319	0.588272
2320	0.590076
2321	0.591877
2322	0.593674
2323	0.595467
2324	0.597256
2325	0.599041
2326	0.600822
2327	0.602598
2328	0.604371
2329	0.606139
2330	0.607903
2331	0.609663
2332	0.611418
2333	0.613168
2334	0.614915
2335	0.616656
2336	0.618393
2337	0.620125
2338	0.621853
2339	0.623576
2340	0.625294
2341	0.627007
2342	0.628715
2343	0.630419
2344	0.632117
2345	0.63381
2346	0.635498
2347	0.637181
2348	0.638859
2349	0.640531
2350	0.642199
2351	0.64386
2352	0.645517
2353	0.647168
2354	0.648814
2355	0.650454
2356	0.652088
2357	0.653717
2358	0.65534
2359	0.656957
2360	0.658569
2361	0.660175
2362	0.661775
2363	0.663369
2364	0.664958
2365	0.66654
2366	0.668116
2367	0.669686
2368	0.67125
2369	0.672808
2370	0.67436
2371	0.675906
2372	0.677445
2373	0.678978
2374	0.680505
2375	0.682025
2376	0.683539
2377	0.685046
2378	0.686547
2379	0.688041
2380	0.689529
2381	0.69101
2382	0.692485
2383	0.693952
2384	0.695413
2385	0.696868
2386	0.698315
2387	0.699756
2388	0.70119
2389	0.702617
2390	0.704036
2391	0.705449
2392	0.706855
2393	0.708254
2394	0.709646
2395	0.711031
2396	0.712408
2397	0.713779
2398	0.715142
2399	0.716498
2400	0.717846
2401	0.719188
2402	0.720522
2403	0.721848
2404	0.723167
2405	0.724479
2406	0.725784
2407	0.727081
2408	0.72837
2409	0.729652
2410	0.730926
2411	0.732193
2412	0.733452
2413	0.734703
2414	0.735947
2415	0.737183
2416	0.738411
2417	0.739632
2418	0.740845
2419	0.74205
2420	0.743247
2421	0.744436
2422	0.745618
2423	0.746791
2424	0.747957
2425	0.749115
2426	0.750264
2427	0.751406
2428	0.75254
2429	0.753666
2430	0.754784
2431	0.755893
2432	0.756995
2433	0.758088
2434	0.759174
2435	0.760251
2436	0.76132
2437	0.762381
2438	0.763434
2439	0.764479
2440	0.765515
2441	0.766543
2442	0.767563
2443	0.768575
2444	0.769578
2445	0.770573
2446	0.77156
2447	0.772539
2448	0.773509
2449	0.774471
2450	0.775424
2451	0.776369
2452	0.777306
2453	0.778234
2454	0.779154
2455	0.780066
2456	0.780969
2457	0.781863
2458	0.78275
2459	0.783628
2460	0.784497
2461	0.785358
2462	0.78621
2463	0.787054
2464	0.78789
2465	0.788717
2466	0.789535
2467	0.790345
2468	0.791147
2469	0.79194
2470	0.792724
2471	0.7935
2472	0.794268
2473	0.795027
2474	0.795777
2475	0.796519
2476	0.797253
2477	0.797978
2478	0.798694
2479	0.799402
2480	0.800101
2481	0.800792
2482	0.801474
2483	0.802148
2484	0.802813
2485	0.803469
2486	0.804118
2487	0.804757
2488	0.805388
2489	0.806011
2490	0.806625
2491	0.80723
2492	0.807827
2493	0.808416
2494	0.808996
2495	0.809567
2496	0.81013
2497	0.810685
2498	0.811231
2499	0.811769
2500	0.812298
2501	0.812818
2502	0.813331
2503	0.813834
2504	0.81433
2505	0.814817
2506	0.815295
2507	0.815765
2508	0.816227
2509	0.81668
2510	0.817125
2511	0.817562
2512	0.81799
2513	0.81841
2514	0.818821
2515	0.819224
2516	0.819619
2517	0.820006
2518	0.820384
2519	0.820754
2520	0.821116
2521	0.821469
2522	0.821815
2523	0.822152
2524	0.822481
2525	0.822801
2526	0.823114
2527	0.823418
2528	0.823714
2529	0.824003
2530	0.824283
2531	0.824554
2532	0.824818
2533	0.825074
2534	0.825322
2535	0.825561
2536	0.825793
2537	0.826017
2538	0.826232
2539	0.82644
2540	0.82664
2541	0.826832
2542	0.827016
2543	0.827192
2544	0.82736
2545	0.827521
2546	0.827673
2547	0.827818
2548	0.827955
2549	0.828085
2550	0.828206
2551	0.82832
2552	0.828426
2553	0.828525
2554	0.828616
2555	0.828699
2556	0.828775
2557	0.828843
2558	0.828904
2559	0.828957
2560	0.829002
2561	0.82904
2562	0.829071
2563	0.829094
2564	0.82911
2565	0.829119
2566	0.82912
2567	0.829113
2568	0.8291
2569	0.829079
2570	0.829051
2571	0.829016
2572	0.828973
2573	0.828924
2574	0.828867
2575	0.828803
2576	0.828732
2577	0.828654
2578	0.828569
2579	0.828477
2580	0.828378
2581	0.828272
2582	0.828159
2583	0.828039
2584	0.827913
2585	0.827779
2586	0.827639
2587	0.827492
2588	0.827338
2589	0.827178
2590	0.827011
2591	0.826837
2592	0.826656
2593	0.826469
2594	0.826276
2595	0.826075
2596	0.825869
2597	0.825655
2598	0.825436
2599	0.82521
2600	0.824977
2601	0.824739
2602	0.824494
2603	0.824242
2604	0.823985
2605	0.823721
2606	0.823451
2607	0.823175
2608	0.822892
2609	0.822604
2610	0.822309
2611	0.822009
2612	0.821702
2613	0.82139
2614	0.821071
2615	0.820747
2616	0.820417
2617	0.820081
2618	0.819739
2619	0.819391
2620	0.819038
2621	0.818679
2622	0.818314
2623	0.817943
2624	0.817567
2625	0.817186
2626	0.816799
2627	0.816406
2628	0.816008
2629	0.815604
2630	0.815195
2631	0.814781
2632	0.814361
2633	0.813936
2634	0.813506
2635	0.813071
2636	0.81263
2637	0.812184
2638	0.811733
2639	0.811277
2640	0.810816
2641	0.81035
2642	0.809878
2643	0.809402
2644	0.808921
2645	0.808435
2646	0.807944
2647	0.807448
2648	0.806948
2649	0.806443
2650	0.805933
2651	0.805418
2652	0.804899
2653	0.804375
2654	0.803846
2655	0.803313
2656	0.802775
2657	0.802233
2658	0.801687
2659	0.801136
2660	0.80058
2661	0.800021
2662	0.799457
2663	0.798888
2664	0.798316
2665	0.797739
2666	0.797158
2667	0.796573
2668	0.795984
2669	0.795391
2670	0.794793
2671	0.794192
2672	0.793587
2673	0.792978
2674	0.792364
2675	0.791748
2676	0.791127
2677	0.790502
2678	0.789874
2679	0.789242
2680	0.788606
2681	0.787966
2682	0.787323
2683	0.786676
2684	0.786026
2685	0.785372
2686	0.784715
2687	0.784054
2688	0.78339
2689	0.782722
2690	0.782052
2691	0.781377
2692	0.7807
2693	0.780019
2694	0.779335
2695	0.778647
2696	0.777957
2697	0.777263
2698	0.776567
2699	0.775867
2700	0.775164
2701	0.774458
2702	0.77375
2703	0.773038
2704	0.772323
2705	0.771606
2706	0.770886
2707	0.770163
2708	0.769437
2709	0.768708
2710	0.767977
2711	0.767243
2712	0.766506
2713	0.765767
2714	0.765025
2715	0.764281
2716	0.763534
2717	0.762784
2718	0.762033
2719	0.761278
2720	0.760522
2721	0.759762
2722	0.759001
2723	0.758237
2724	0.757471
2725	0.756703
2726	0.755933
2727	0.75516
2728	0.754385
2729	0.753609
2730	0.75283
2731	0.752049
2732	0.751265
2733	0.75048
2734	0.749693
2735	0.748904
2736	0.748114
2737	0.747321
2738	0.746526
2739	0.74573
2740	0.744931
2741	0.744131
2742	0.74333
2743	0.742526
2744	0.741721
2745	0.740914
2746	0.740106
2747	0.739296
2748	0.738484
2749	0.737671
2750	0.736856
2751	0.73604
2752	0.735222
2753	0.734403
2754	0.733583
2755	0.732761
2756	0.731938
2757	0.731113
2758	0.730288
2759	0.72946
2760	0.728632
2761	0.727803
2762	0.726972
2763	0.72614
2764	0.725307
2765	0.724473
2766	0.723637
2767	0.722801
2768	0.721964
2769	0.721125
2770	0.720286
2771	0.719446
2772	0.718604
2773	0.717762
2774	0.716919
2775	0.716075
2776	0.715231
2777	0.714385
2778	0.713539
2779	0.712691
2780	0.711844
2781	0.710995
2782	0.710146
2783	0.709296
2784	0.708445
2785	0.707594
2786	0.706742
2787	0.70589
2788	0.705037
2789	0.704183
2790	0.703329
2791	0.702474
2792	0.701619
2793	0.700764
2794	0.699908
2795	0.699052
2796	0.698195
2797	0.697338
2798	0.696481
2799	0.695623
2800	0.694765
2801	0.693907
2802	0.693048
2803	0.692189
2804	0.69133
2805	0.690471
2806	0.689612
2807	0.688752
2808	0.687893
2809	0.687033
2810	0.686173
2811	0.685313
2812	0.684453
2813	0.683593
2814	0.682733
2815	0.681873
2816	0.681013
2817	0.680153
2818	0.679293
2819	0.678434
2820	0.677574
2821	0.676714
2822	0.675855
2823	0.674995
2824	0.674136
2825	0.673277
2826	0.672418
2827	0.67156
2828	0.670701
2829	0.669843
2830	0.668985
2831	0.668128
2832	0.667271
2833	0.666414
2834	0.665557
2835	0.664701
2836	0.663845
2837	0.66299
2838	0.662134
2839	0.66128
2840	0.660425
2841	0.659572
2842	0.658718
2843	0.657865
2844	0.657013
2845	0.656161
2846	0.65531
2847	0.654459
2848	0.653609
2849	0.652759
2850	0.65191
2851	0.651061
2852	0.650213
2853	0.649366
2854	0.648519
2855	0.647673
2856	0.646828
2857	0.645983
2858	0.645139
2859	0.644296
2860	0.643453
2861	0.642611
2862	0.64177
2863	0.64093
2864	0.64009
2865	0.639251
2866	0.638413
2867	0.637576
2868	0.636739
2869	0.635904
2870	0.635069
2871	0.634235
2872	0.633402
2873	0.632569
2874	0.631738
2875	0.630907
2876	0.630078
2877	0.629249
2878	0.628421
2879	0.627595
2880	0.626769
2881	0.625944
2882	0.62512
2883	0.624297
2884	0.623475
2885	0.622654
2886	0.621834
2887	0.621015
2888	0.620197
2889	0.61938
2890	0.618564
2891	0.617749
2892	0.616935
2893	0.616122
2894	0.615311
2895	0.6145
2896	0.613691
2897	0.612882
2898	0.612075
2899	0.611269
2900	0.610464
2901	0.60966
2902	0.608857
2903	0.608055
2904	0.607255
2905	0.606456
2906	0.605658
2907	0.604861
2908	0.604065
2909	0.60327
2910	0.602477
2911	0.601685
2912	0.600894
2913	0.600104
2914	0.599316
2915	0.598528
2916	0.597742
2917	0.596958
2918	0.596174
2919	0.595392
2920	0.594611
2921	0.593831
2922	0.593053
2923	0.592276
2924	0.5915
2925	0.590725
2926	0.589952
2927	0.58918
2928	0.588409
2929	0.58764
2930	0.586872
2931	0.586105
2932	0.58534
2933	0.584576
2934	0.583813
2935	0.583052
2936	0.582292
2937	0.581533
2938	0.580776
2939	0.58002
2940	0.579266
2941	0.578513
2942	0.577761
2943	0.57701
2944	0.576261
2945	0.575514
2946	0.574767
2947	0.574023
2948	0.573279
2949	0.572537
2950	0.571797
2951	0.571057
2952	0.57032
2953	0.569583
2954	0.568848
2955	0.568115
2956	0.567382
2957	0.566652
2958	0.565922
2959	0.565195
2960	0.564468
2961	0.563743
2962	0.56302
2963	0.562298
2964	0.561577
2965	0.560858
2966	0.56014
2967	0.559424
2968	0.558709
2969	0.557996
2970	0.557284
2971	0.556573
2972	0.555864
2973	0.555157
2974	0.554451
2975	0.553746
2976	0.553043
2977	0.552341
2978	0.551641
2979	0.550942
2980	0.550245
2981	0.549549
2982	0.548855
2983	0.548162
2984	0.547471
2985	0.546781
2986	0.546093
2987	0.545406
2988	0.54472
2989	0.544037
2990	0.543354
2991	0.542673
2992	0.541994
2993	0.541316
2994	0.540639
2995	0.539964
2996	0.539291
2997	0.538619
2998	0.537948
2999	0.537279
3000	0.536611
3001	0.535945
3002	0.535281
3003	0.534617
3004	0.533956
3005	0.533296
3006	0.532637
3007	0.53198
3008	0.531324
3009	0.53067
3010	0.530017
3011	0.529366
3012	0.528716
3013	0.528068
3014	0.527421
3015	0.526776
3016	0.526132
3017	0.52549
3018	0.524849
3019	0.524209
3020	0.523571
3021	0.522935
3022	0.5223
3023	0.521667
3024	0.521035
3025	0.520404
3026	0.519775
3027	0.519148
3028	0.518521
3029	0.517897
3030	0.517274
3031	0.516652
3032	0.516032
3033	0.515413
3034	0.514796
3035	0.51418
3036	0.513565
3037	0.512953
3038	0.512341
3039	0.511731
3040	0.511122
3041	0.510515
3042	0.50991
3043	0.509306
3044	0.508703
3045	0.508102
3046	0.507502
3047	0.506903
3048	0.506306
3049	0.505711
3050	0.505117
3051	0.504524
3052	0.503933
3053	0.503343
3054	0.502755
3055	0.502168
3056	0.501582
3057	0.500998
3058	0.500415
3059	0.499834
3060	0.499254
3061	0.498676
3062	0.498099
3063	0.497523
3064	0.496949
3065	0.496376
3066	0.495805
3067	0.495235
3068	0.494666
3069	0.494099
3070	0.493533
3071	0.492969
3072	0.492406
3073	0.491844
3074	0.491284
3075	0.490725
3076	0.490168
3077	0.489612
3078	0.489057
3079	0.488504
3080	0.487952
3081	0.487401
3082	0.486852
3083	0.486304
3084	0.485757
3085	0.485212
3086	0.484668
3087	0.484126
3088	0.483585
3089	0.483045
3090	0.482507
3091	0.48197
3092	0.481434
3093	0.480899
3094	0.480366
3095	0.479834
3096	0.479304
3097	0.478775
3098	0.478247
3099	0.477721
3100	0.477195
3101	0.476672
3102	0.476149
3103	0.475628
3104	0.475108
3105	0.474589
3106	0.474072
3107	0.473556
3108	0.473041
3109	0.472528
3110	0.472015
3111	0.471504
3112	0.470995
3113	0.470487
3114	0.469979
3115	0.469474
3116	0.468969
3117	0.468466
3118	0.467964
3119	0.467463
3120	0.466963
3121	0.466465
3122	0.465968
3123	0.465472
3124	0.464978
3125	0.464485
3126	0.463993
3127	0.463502
3128	0.463012
3129	0.462524
3130	0.462037
3131	0.461551
3132	0.461066
3133	0.460582
3134	0.4601
3135	0.459619
3136	0.459139
3137	0.45866
3138	0.458183
3139	0.457707
3140	0.457232
3141	0.456758
3142	0.456285
3143	0.455813
3144	0.455343
3145	0.454874
3146	0.454406
3147	0.453939
3148	0.453473
3149	0.453009
3150	0.452545
3151	0.452083
3152	0.451622
3153	0.451162
3154	0.450703
3155	0.450246
3156	0.449789
3157	0.449334
3158	0.44888
3159	0.448427
3160	0.447975
3161	0.447524
3162	0.447074
3163	0.446626
3164	0.446178
3165	0.445732
3166	0.445286
3167	0.444842
3168	0.444399
3169	0.443957
3170	0.443516
3171	0.443077
3172	0.442638
3173	0.4422
3174	0.441764
3175	0.441328
3176	0.440894
3177	0.440461
3178	0.440028
3179	0.439597
3180	0.439167
3181	0.438738
3182	0.43831
3183	0.437883
3184	0.437457
3185	0.437032
3186	0.436609
3187	0.436186
3188	0.435764
3189	0.435343
3190	0.434924
3191	0.434505
3192	0.434087
3193	0.433671
3194	0.433255
3195	0.432841
3196	0.432427
3197	0.432015
3198	0.431603
3199	0.431192
3200	0.430783
3201	0.430374
3202	0.429967
3203	0.42956
3204	0.429155
3205	0.42875
3206	0.428347
3207	0.427944
3208	0.427542
3209	0.427142
3210	0.426742
3211	0.426343
3212	0.425945
3213	0.425548
3214	0.425153
3215	0.424758
3216	0.424364
3217	0.423971
3218	0.423579
3219	0.423187
3220	0.422797
3221	0.422408
3222	0.42202
3223	0.421632
3224	0.421246
3225	0.42086
3226	0.420475
3227	0.420092
3228	0.419709
3229	0.419327
3230	0.418946
3231	0.418566
3232	0.418187
3233	0.417808
3234	0.417431
3235	0.417054
3236	0.416679
3237	0.416304
3238	0.41593
3239	0.415557
3240	0.415185
3241	0.414814
3242	0.414444
3243	0.414074
3244	0.413706
3245	0.413338
3246	0.412971
3247	0.412605
3248	0.41224
3249	0.411875
3250	0.411512
3251	0.411149
3252	0.410788
3253	0.410427
3254	0.410067
3255	0.409707
3256	0.409349
3257	0.408991
3258	0.408635
3259	0.408279
3260	0.407924
3261	0.407569
3262	0.407216
3263	0.406863
3264	0.406511
3265	0.40616
3266	0.40581
3267	0.405461
3268	0.405112
3269	0.404764
3270	0.404417
3271	0.404071
3272	0.403726
3273	0.403381
3274	0.403037
3275	0.402694
3276	0.402352
3277	0.40201
3278	0.401669
3279	0.401329
3280	0.40099
3281	0.400652
3282	0.400314
3283	0.399977
3284	0.399641
3285	0.399305
3286	0.398971
3287	0.398637
3288	0.398304
3289	0.397971
3290	0.39764
3291	0.397309
3292	0.396979
3293	0.396649
3294	0.39632
3295	0.395992
3296	0.395665
3297	0.395339
3298	0.395013
3299	0.394688
3300	0.394364
3301	0.39404
3302	0.393717
3303	0.393395
3304	0.393073
3305	0.392753
3306	0.392432
3307	0.392113
3308	0.391794
3309	0.391476
3310	0.391159
3311	0.390843
3312	0.390527
3313	0.390212
3314	0.389897
3315	0.389583
3316	0.38927
3317	0.388958
3318	0.388646
3319	0.388335
3320	0.388024
3321	0.387714
3322	0.387405
3323	0.387097
3324	0.386789
3325	0.386482
3326	0.386176
3327	0.38587
3328	0.385565
3329	0.38526
3330	0.384957
3331	0.384653
3332	0.384351
3333	0.384049
3334	0.383748
3335	0.383447
3336	0.383147
3337	0.382848
3338	0.382549
3339	0.382251
3340	0.381954
3341	0.381657
3342	0.381361
3343	0.381065
3344	0.38077
3345	0.380476
3346	0.380182
3347	0.379889
3348	0.379597
3349	0.379305
3350	0.379014
3351	0.378723
3352	0.378433
3353	0.378144
3354	0.377855
3355	0.377567
3356	0.377279
3357	0.376992
3358	0.376706
3359	0.37642
3360	0.376135
3361	0.37585
3362	0.375566
3363	0.375283
3364	0.375
3365	0.374718
3366	0.374436
3367	0.374155
3368	0.373874
3369	0.373594
3370	0.373315
3371	0.373036
3372	0.372758
3373	0.37248
3374	0.372203
3375	0.371927
3376	0.371651
3377	0.371375
3378	0.3711
3379	0.370826
3380	0.370552
3381	0.370279
3382	0.370006
3383	0.369734
3384	0.369462
3385	0.369191
3386	0.368921
3387	0.368651
3388	0.368382
3389	0.368113
3390	0.367844
3391	0.367577
3392	0.367309
3393	0.367043
3394	0.366776
3395	0.366511
3396	0.366246
3397	0.365981
3398	0.365717
3399	0.365453
3400	0.36519
3401	0.364928
3402	0.364666
3403	0.364404
3404	0.364143
3405	0.363883
3406	0.363623
3407	0.363364
3408	0.363105
3409	0.362846
3410	0.362588
3411	0.362331
3412	0.362074
3413	0.361817
3414	0.361562
3415	0.361306
3416	0.361051
3417	0.360797
3418	0.360543
3419	0.360289
3420	0.360036
3421	0.359784
3422	0.359532
3423	0.35928
3424	0.359029
3425	0.358779
3426	0.358529
3427	0.358279
3428	0.35803
3429	0.357782
3430	0.357533
3431	0.357286
3432	0.357039
3433	0.356792
3434	0.356546
3435	0.3563
3436	0.356055
3437	0.35581
3438	0.355565
3439	0.355321
3440	0.355078
3441	0.354835
3442	0.354592
3443	0.35435
3444	0.354109
3445	0.353867
3446	0.353627
3447	0.353386
3448	0.353147
3449	0.352907
3450	0.352668
3451	0.35243
3452	0.352192
3453	0.351954
3454	0.351717
3455	0.35148
3456	0.351244
3457	0.351008
3458	0.350773
3459	0.350538
3460	0.350303
3461	0.350069
3462	0.349835
3463	0.349602
3464	0.349369
3465	0.349137
3466	0.348905
3467	0.348674
3468	0.348443
3469	0.348212
3470	0.347982
3471	0.347752
3472	0.347522
3473	0.347293
3474	0.347065
3475	0.346837
3476	0.346609
3477	0.346382
3478	0.346155
3479	0.345928
3480	0.345702
3481	0.345476
3482	0.345251
3483	0.345026
3484	0.344802
3485	0.344578
3486	0.344354
3487	0.344131
3488	0.343908
3489	0.343686
3490	0.343464
3491	0.343242
3492	0.343021
3493	0.3428
3494	0.342579
3495	0.342359
3496	0.34214
3497	0.34192
3498	0.341701
3499	0.341483
3500	0.341265
3501	0.341047
3502	0.34083
3503	0.340613
3504	0.340396
3505	0.34018
3506	0.339964
3507	0.339749
3508	0.339534
3509	0.339319
3510	0.339105
3511	0.338891
3512	0.338678
3513	0.338464
3514	0.338252
3515	0.338039
3516	0.337827
3517	0.337615
3518	0.337404
3519	0.337193
3520	0.336983
3521	0.336773
3522	0.336563
3523	0.336353
3524	0.336144
3525	0.335935
3526	0.335727
3527	0.335519
3528	0.335311
3529	0.335104
3530	0.334897
3531	0.334691
3532	0.334484
3533	0.334279
3534	0.334073
3535	0.333868
3536	0.333663
3537	0.333459
3538	0.333255
3539	0.333051
3540	0.332848
3541	0.332645
3542	0.332442
3543	0.332239
3544	0.332037
3545	0.331836
3546	0.331635
3547	0.331434
3548	0.331233
3549	0.331033
3550	0.330833
3551	0.330633
3552	0.330434
3553	0.330235
3554	0.330036
3555	0.329838
3556	0.32964
3557	0.329443
3558	0.329245
3559	0.329048
3560	0.328852
3561	0.328656
3562	0.32846
3563	0.328264
3564	0.328069
3565	0.327874
3566	0.327679
3567	0.327485
3568	0.327291
3569	0.327098
3570	0.326904
3571	0.326711
3572	0.326519
3573	0.326326
3574	0.326134
3575	0.325943
3576	0.325751
3577	0.32556
3578	0.325369
3579	0.325179
3580	0.324989
3581	0.324799
3582	0.32461
3583	0.324421
3584	0.324232
3585	0.324043
3586	0.323855
3587	0.323667
3588	0.323479
3589	0.323292
3590	0.323105
3591	0.322919
3592	0.322732
3593	0.322546
3594	0.32236
3595	0.322175
3596	0.32199
3597	0.321805
3598	0.32162
3599	0.321436
3600	0.321252
3601	0.321069
3602	0.320885
3603	0.320702
3604	0.32052
3605	0.320337
3606	0.320155
3607	0.319973
3608	0.319792
3609	0.31961
3610	0.31943
3611	0.319249
3612	0.319069
3613	0.318888
3614	0.318709
3615	0.318529
3616	0.31835
3617	0.318171
3618	0.317993
3619	0.317814
3620	0.317636
3621	0.317458
3622	0.317281
3623	0.317104
3624	0.316927
3625	0.31675
3626	0.316574
3627	0.316398
3628	0.316222
3629	0.316047
3630	0.315872
3631	0.315697
3632	0.315522
3633	0.315348
3634	0.315174
3635	0.315
3636	0.314826
3637	0.314653
3638	0.31448
3639	0.314308
3640	0.314135
3641	0.313963
3642	0.313791
3643	0.31362
3644	0.313448
3645	0.313277
3646	0.313107
3647	0.312936
3648	0.312766
3649	0.312596
3650	0.312426
3651	0.312257
3652	0.312088
3653	0.311919
3654	0.31175
3655	0.311582
3656	0.311414
3657	0.311246
3658	0.311079
3659	0.310911
3660	0.310744
3661	0.310578
3662	0.310411
3663	0.310245
3664	0.310079
3665	0.309913
3666	0.309748
3667	0.309583
3668	0.309418
3669	0.309253
3670	0.309089
3671	0.308925
3672	0.308761
3673	0.308597
3674	0.308434
3675	0.308271
3676	0.308108
3677	0.307945
3678	0.307783
3679	0.307621
3680	0.307459
3681	0.307297
3682	0.307136
3683	0.306975
3684	0.306814
3685	0.306654
3686	0.306493
3687	0.306333
3688	0.306173
3689	0.306014
3690	0.305854
3691	0.305695
3692	0.305537
3693	0.305378
3694	0.30522
3695	0.305062
3696	0.304904
3697	0.304746
3698	0.304589
3699	0.304432
3700	0.304275
3701	0.304118
3702	0.303962
3703	0.303806
3704	0.30365
3705	0.303494
3706	0.303339
3707	0.303183
3708	0.303029
3709	0.302874
3710	0.302719
3711	0.302565
3712	0.302411
3713	0.302257
3714	0.302104
3715	0.301951
3716	0.301798
3717	0.301645
3718	0.301492
3719	0.30134
3720	0.301188
3721	0.301036
3722	0.300884
3723	0.300733
3724	0.300582
3725	0.300431
3726	0.30028
3727	0.30013
3728	0.299979
3729	0.299829
3730	0.299679
3731	0.29953
3732	0.299381
3733	0.299231
3734	0.299083
3735	0.298934
3736	0.298785
3737	0.298637
3738	0.298489
3739	0.298342
3740	0.298194
3741	0.298047
3742	0.2979
3743	0.297753
3744	0.297606
3745	0.29746
3746	0.297314
3747	0.297168
3748	0.297022
3749	0.296876
3750	0.296731
3751	0.296586
3752	0.296441
3753	0.296297
3754	0.296152
3755	0.296008
3756	0.295864
3757	0.29572
3758	0.295577
3759	0.295433
3760	0.29529
3761	0.295147
3762	0.295005
3763	0.294862
3764	0.29472
3765	0.294578
3766	0.294436
3767	0.294295
3768	0.294153
3769	0.294012
3770	0.293871
3771	0.29373
3772	0.29359
3773	0.293449
3774	0.293309
3775	0.293169
3776	0.29303
3777	0.29289
3778	0.292751
3779	0.292612
3780	0.292473
3781	0.292334
3782	0.292196
3783	0.292058
3784	0.29192
3785	0.291782
3786	0.291644
3787	0.291507
3788	0.29137
3789	0.291233
3790	0.291096
3791	0.290959
3792	0.290823
3793	0.290687
3794	0.290551
3795	0.290415
3796	0.29028
3797	0.290144
3798	0.290009
3799	0.289874
3800	0.289739
3801	0.289605
3802	0.289471
3803	0.289336
3804	0.289202
3805	0.289069
3806	0.288935
3807	0.288802
3808	0.288669
3809	0.288536
3810	0.288403
3811	0.28827
3812	0.288138
3813	0.288006
3814	0.287874
3815	0.287742
3816	0.287611
3817	0.287479
3818	0.287348
3819	0.287217
3820	0.287086
3821	0.286956
3822	0.286825
3823	0.286695
3824	0.286565
3825	0.286435
3826	0.286306
3827	0.286176
3828	0.286047
3829	0.285918
3830	0.285789
3831	0.28566
3832	0.285532
3833	0.285404
3834	0.285276
3835	0.285148
3836	0.28502
3837	0.284892
3838	0.284765
3839	0.284638
3840	0.284511
3841	0.284384
3842	0.284258
3843	0.284131
3844	0.284005
3845	0.283879
3846	0.283753
3847	0.283628
3848	0.283502
3849	0.283377
3850	0.283252
3851	0.283127
3852	0.283002
3853	0.282878
3854	0.282753
3855	0.282629
3856	0.282505
3857	0.282381
3858	0.282258
3859	0.282134
3860	0.282011
3861	0.281888
3862	0.281765
3863	0.281642
3864	0.28152
3865	0.281397
3866	0.281275
3867	0.281153
3868	0.281031
3869	0.28091
3870	0.280788
3871	0.280667
3872	0.280546
3873	0.280425
3874	0.280304
3875	0.280184
3876	0.280063
3877	0.279943
3878	0.279823
3879	0.279703
3880	0.279584
3881	0.279464
3882	0.279345
3883	0.279226
3884	0.279107
3885	0.278988
3886	0.278869
3887	0.278751
3888	0.278633
3889	0.278514
3890	0.278397
3891	0.278279
3892	0.278161
3893	0.278044
3894	0.277927
3895	0.277809
3896	0.277693
3897	0.277576
3898	0.277459
3899	0.277343
3900	0.277227
3901	0.277111
3902	0.276995
3903	0.276879
3904	0.276764
3905	0.276648
3906	0.276533
3907	0.276418
3908	0.276303
3909	0.276188
3910	0.276074
3911	0.27596
3912	0.275845
3913	0.275731
3914	0.275618
3915	0.275504
3916	0.27539
3917	0.275277
3918	0.275164
3919	0.275051
3920	0.274938
3921	0.274825
3922	0.274713
3923	0.2746
3924	0.274488
3925	0.274376
3926	0.274264
3927	0.274153
3928	0.274041
3929	0.27393
3930	0.273819
3931	0.273707
3932	0.273597
3933	0.273486
3934	0.273375
3935	0.273265
3936	0.273155
3937	0.273045
3938	0.272935
3939	0.272825
3940	0.272715
3941	0.272606
3942	0.272497
3943	0.272387
3944	0.272279
3945	0.27217
3946	0.272061
3947	0.271953
3948	0.271844
3949	0.271736
3950	0.271628
3951	0.27152
3952	0.271413
3953	0.271305
3954	0.271198
3955	0.27109
3956	0.270983
3957	0.270876
3958	0.27077
3959	0.270663
3960	0.270557
3961	0.27045
3962	0.270344
3963	0.270238
3964	0.270132
3965	0.270027
3966	0.269921
3967	0.269816
3968	0.269711
3969	0.269606
3970	0.269501
3971	0.269396
3972	0.269291
3973	0.269187
3974	0.269083
3975	0.268978
3976	0.268874
3977	0.268771
3978	0.268667
3979	0.268563
3980	0.26846
3981	0.268357
3982	0.268254
3983	0.268151
3984	0.268048
3985	0.267945
3986	0.267843
3987	0.267741
3988	0.267638
3989	0.267536
3990	0.267434
3991	0.267333
3992	0.267231
3993	0.26713
3994	0.267028
3995	0.266927
3996	0.266826
3997	0.266725
3998	0.266625
3999	0.266524
4000	0.266424
4001	0.266323
4002	0.266223
4003	0.266123
4004	0.266023
4005	0.265924
4006	0.265824
4007	0.265725
4008	0.265625
4009	0.265526
4010	0.265427
4011	0.265329
4012	0.26523
4013	0.265131
4014	0.265033
4015	0.264935
4016	0.264837
4017	0.264739
4018	0.264641
4019	0.264543
4020	0.264446
4021	0.264348
4022	0.264251
4023	0.264154
4024	0.264057
4025	0.26396
4026	0.263863
4027	0.263767
4028	0.26367
4029	0.263574
4030	0.263478
4031	0.263382
4032	0.263286
4033	0.26319
4034	0.263095
4035	0.262999
4036	0.262904
4037	0.262809
4038	0.262714
4039	0.262619
4040	0.262524
4041	0.26243
4042	0.262335
4043	0.262241
4044	0.262147
4045	0.262053
4046	0.261959
4047	0.261865
4048	0.261771
4049	0.261678
4050	0.261584
4051	0.261491
4052	0.261398
4053	0.261305
4054	0.261212
4055	0.261119
4056	0.261027
4057	0.260934
4058	0.260842
4059	0.26075
4060	0.260658
4061	0.260566
4062	0.260474
4063	0.260383
4064	0.260291
4065	0.2602
4066	0.260108
4067	0.260017
4068	0.259926
4069	0.259836
4070	0.259745
4071	0.259654
4072	0.259564
4073	0.259474
4074	0.259383
4075	0.259293
4076	0.259203
4077	0.259114
4078	0.259024
4079	0.258934
4080	0.258845
4081	0.258756
4082	0.258667
4083	0.258578
4084	0.258489
4085	0.2584
4086	0.258311
4087	0.258223
4088	0.258134
4089	0.258046
4090	0.257958
4091	0.25787
4092	0.257782
4093	0.257694
4094	0.257607
4095	0.257519
4096	0.257432
4097	0.257345
4098	0.257258
4099	0.257171
4100	0.257084
4101	0.256997
4102	0.256911
4103	0.256824
4104	0.256738
4105	0.256652
4106	0.256565
4107	0.25648
4108	0.256394
4109	0.256308
4110	0.256222
4111	0.256137
4112	0.256052
4113	0.255966
4114	0.255881
4115	0.255796
4116	0.255711
4117	0.255627
4118	0.255542
4119	0.255458
4120	0.255373
4121	0.255289
4122	0.255205
4123	0.255121
4124	0.255037
4125	0.254953
4126	0.25487
4127	0.254786
4128	0.254703
4129	0.254619
4130	0.254536
4131	0.254453
4132	0.25437
4133	0.254288
4134	0.254205
4135	0.254122
4136	0.25404
4137	0.253958
4138	0.253875
4139	0.253793
4140	0.253711
4141	0.25363
4142	0.253548
4143	0.253466
4144	0.253385
4145	0.253303
4146	0.253222
4147	0.253141
4148	0.25306
4149	0.252979
4150	0.252898
4151	0.252818
4152	0.252737
4153	0.252657
4154	0.252576
4155	0.252496
4156	0.252416
4157	0.252336
4158	0.252256
4159	0.252177
4160	0.252097
4161	0.252018
4162	0.251938
4163	0.251859
4164	0.25178
4165	0.251701
4166	0.251622
4167	0.251543
4168	0.251464
4169	0.251386
4170	0.251307
4171	0.251229
4172	0.251151
4173	0.251073
4174	0.250995
4175	0.250917
4176	0.250839
4177	0.250761
4178	0.250684
4179	0.250606
4180	0.250529
4181	0.250452
4182	0.250374
4183	0.250297
4184	0.250221
4185	0.250144
4186	0.250067
4187	0.249991
4188	0.249914
4189	0.249838
4190	0.249762
4191	0.249685
4192	0.249609
4193	0.249534
4194	0.249458
4195	0.249382
4196	0.249307
4197	0.249231
4198	0.249156
4199	0.249081
4200	0.249005
4201	0.24893
4202	0.248855
4203	0.248781
4204	0.248706
4205	0.248631
4206	0.248557
4207	0.248483
4208	0.248408
4209	0.248334
4210	0.24826
4211	0.248186
4212	0.248112
4213	0.248039
4214	0.247965
4215	0.247891
4216	0.247818
4217	0.247745
4218	0.247671
4219	0.247598
4220	0.247525
4221	0.247453
4222	0.24738
4223	0.247307
4224	0.247235
4225	0.247162
4226	0.24709
4227	0.247017
4228	0.246945
4229	0.246873
4230	0.246801
4231	0.24673
4232	0.246658
4233	0.246586
4234	0.246515
4235	0.246443
4236	0.246372
4237	0.246301
4238	0.24623
4239	0.246159
4240	0.246088
4241	0.246017
4242	0.245946
4243	0.245876
4244	0.245805
4245	0.245735
4246	0.245664
4247	0.245594
4248	0.245524
4249	0.245454
4250	0.245384
4251	0.245314
4252	0.245245
4253	0.245175
4254	0.245106
4255	0.245036
4256	0.244967
4257	0.244898
4258	0.244829
4259	0.24476
4260	0.244691
4261	0.244622
4262	0.244553
4263	0.244485
4264	0.244416
4265	0.244348
4266	0.24428
4267	0.244211
4268	0.244143
4269	0.244075
4270	0.244007
4271	0.24394
4272	0.243872
4273	0.243804
4274	0.243737
4275	0.243669
4276	0.243602
4277	0.243535
4278	0.243468
4279	0.243401
4280	0.243334
4281	0.243267
4282	0.2432
4283	0.243134
4284	0.243067
4285	0.243001
4286	0.242934
4287	0.242868
4288	0.242802
4289	0.242736
4290	0.24267
4291	0.242604
4292	0.242538
4293	0.242473
4294	0.242407
4295	0.242342
4296	0.242276
4297	0.242211
4298	0.242146
4299	0.24208
4300	0.242015
4301	0.241951
4302	0.241886
4303	0.241821
4304	0.241756
4305	0.241692
4306	0.241627
4307	0.241563
4308	0.241499
4309	0.241434
4310	0.24137
4311	0.241306
4312	0.241242
4313	0.241179
4314	0.241115
4315	0.241051
4316	0.240988
4317	0.240924
4318	0.240861
4319	0.240798
4320	0.240735
4321	0.240671
4322	0.240608
4323	0.240546
4324	0.240483
4325	0.24042
4326	0.240357
4327	0.240295
4328	0.240232
4329	0.24017
4330	0.240108
4331	0.240046
4332	0.239983
4333	0.239921
4334	0.23986
4335	0.239798
4336	0.239736
4337	0.239674
4338	0.239613
4339	0.239551
4340	0.23949
4341	0.239429
4342	0.239367
4343	0.239306
4344	0.239245
4345	0.239184
4346	0.239123
4347	0.239063
4348	0.239002
4349	0.238941
4350	0.238881
4351	0.23882
4352	0.23876
4353	0.2387
4354	0.23864
4355	0.23858
4356	0.23852
4357	0.23846
4358	0.2384
4359	0.23834
4360	0.23828
4361	0.238221
4362	0.238161
4363	0.238102
4364	0.238043
4365	0.237984
4366	0.237924
4367	0.237865
4368	0.237806
4369	0.237747
4370	0.237689
4371	0.23763
4372	0.237571
4373	0.237513
4374	0.237454
4375	0.237396
4376	0.237338
4377	0.237279
4378	0.237221
4379	0.237163
4380	0.237105
4381	0.237047
4382	0.23699
4383	0.236932
4384	0.236874
4385	0.236817
4386	0.236759
4387	0.236702
4388	0.236644
4389	0.236587
4390	0.23653
4391	0.236473
4392	0.236416
4393	0.236359
4394	0.236302
4395	0.236246
4396	0.236189
4397	0.236132
4398	0.236076
4399	0.236019
4400	0.235963
4401	0.235907
4402	0.235851
4403	0.235795
4404	0.235739
4405	0.235683
4406	0.235627
4407	0.235571
4408	0.235515
4409	0.23546
4410	0.235404
4411	0.235349
4412	0.235293
4413	0.235238
4414	0.235183
4415	0.235128
4416	0.235073
4417	0.235018
4418	0.234963
4419	0.234908
4420	0.234853
4421	0.234798
4422	0.234744
4423	0.234689
4424	0.234635
4425	0.23458
4426	0.234526
4427	0.234472
4428	0.234418
4429	0.234364
4430	0.23431
4431	0.234256
4432	0.234202
4433	0.234148
4434	0.234095
4435	0.234041
4436	0.233987
4437	0.233934
4438	0.233881
4439	0.233827
4440	0.233774
4441	0.233721
4442	0.233668
4443	0.233615
4444	0.233562
4445	0.233509
4446	0.233456
4447	0.233404
4448	0.233351
4449	0.233298
4450	0.233246
4451	0.233194
4452	0.233141
4453	0.233089
4454	0.233037
4455	0.232985
4456	0.232933
4457	0.232881
4458	0.232829
4459	0.232777
4460	0.232725
4461	0.232674
4462	0.232622
4463	0.23257
4464	0.232519
4465	0.232468
4466	0.232416
4467	0.232365
4468	0.232314
4469	0.232263
4470	0.232212
4471	0.232161
4472	0.23211
4473	0.232059
4474	0.232008
4475	0.231958
4476	0.231907
4477	0.231857
4478	0.231806
4479	0.231756
4480	0.231705
4481	0.231655
4482	0.231605
4483	0.231555
4484	0.231505
4485	0.231455
4486	0.231405
4487	0.231355
4488	0.231305
4489	0.231256
4490	0.231206
4491	0.231157
4492	0.231107
4493	0.231058
4494	0.231008
4495	0.230959
4496	0.23091
4497	0.230861
4498	0.230812
4499	0.230763
4500	0.230714
4501	0.230665
4502	0.230616
4503	0.230567
4504	0.230519
4505	0.23047
4506	0.230422
4507	0.230373
4508	0.230325
4509	0.230277
4510	0.230228
4511	0.23018
4512	0.230132
4513	0.230084
4514	0.230036
4515	0.229988
4516	0.22994
4517	0.229892
4518	0.229845
4519	0.229797
4520	0.229749
4521	0.229702
4522	0.229655
4523	0.229607
4524	0.22956
4525	0.229513
4526	0.229465
4527	0.229418
4528	0.229371
4529	0.229324
4530	0.229277
4531	0.22923
4532	0.229184
4533	0.229137
4534	0.22909
4535	0.229044
4536	0.228997
4537	0.228951
4538	0.228904
4539	0.228858
4540	0.228811
4541	0.228765
4542	0.228719
4543	0.228673
4544	0.228627
4545	0.228581
4546	0.228535
4547	0.228489
4548	0.228443
4549	0.228398
4550	0.228352
4551	0.228306
4552	0.228261
4553	0.228215
4554	0.22817
4555	0.228125
4556	0.228079
4557	0.228034
4558	0.227989
4559	0.227944
4560	0.227899
4561	0.227854
4562	0.227809
4563	0.227764
4564	0.227719
4565	0.227675
4566	0.22763
4567	0.227585
4568	0.227541
4569	0.227496
4570	0.227452
4571	0.227408
4572	0.227363
4573	0.227319
4574	0.227275
4575	0.227231
4576	0.227187
4577	0.227143
4578	0.227099
4579	0.227055
4580	0.227011
4581	0.226967
4582	0.226924
4583	0.22688
4584	0.226836
4585	0.226793
4586	0.226749
4587	0.226706
4588	0.226662
4589	0.226619
4590	0.226576
4591	0.226533
4592	0.22649
4593	0.226447
4594	0.226404
4595	0.226361
4596	0.226318
4597	0.226275
4598	0.226232
4599	0.226189
4600	0.226147
4601	0.226104
4602	0.226062
4603	0.226019
4604	0.225977
4605	0.225934
4606	0.225892
4607	0.22585
4608	0.225808
4609	0.225765
4610	0.225723
4611	0.225681
4612	0.225639
4613	0.225597
4614	0.225555
4615	0.225514
4616	0.225472
4617	0.22543
4618	0.225389
4619	0.225347
4620	0.225305
4621	0.225264
4622	0.225223
4623	0.225181
4624	0.22514
4625	0.225099
4626	0.225057
4627	0.225016
4628	0.224975
4629	0.224934
4630	0.224893
4631	0.224852
4632	0.224811
4633	0.22477
4634	0.22473
4635	0.224689
4636	0.224648
4637	0.224608
4638	0.224567
4639	0.224527
4640	0.224486
4641	0.224446
4642	0.224405
4643	0.224365
4644	0.224325
4645	0.224285
4646	0.224245
4647	0.224205
4648	0.224165
4649	0.224125
4650	0.224085
4651	0.224045
4652	0.224005
4653	0.223965
4654	0.223925
4655	0.223886
4656	0.223846
4657	0.223807
4658	0.223767
4659	0.223728
4660	0.223688
4661	0.223649
4662	0.22361
4663	0.22357
4664	0.223531
4665	0.223492
4666	0.223453
4667	0.223414
4668	0.223375
4669	0.223336
4670	0.223297
4671	0.223258
4672	0.223219
4673	0.223181
4674	0.223142
4675	0.223103
4676	0.223065
4677	0.223026
4678	0.222988
4679	0.222949
4680	0.222911
4681	0.222872
4682	0.222834
4683	0.222796
4684	0.222758
4685	0.22272
4686	0.222681
4687	0.222643
4688	0.222605
4689	0.222567
4690	0.22253
4691	0.222492
4692	0.222454
4693	0.222416
4694	0.222378
4695	0.222341
4696	0.222303
4697	0.222266
4698	0.222228
4699	0.222191
4700	0.222153
4701	0.222116
4702	0.222078
4703	0.222041
4704	0.222004
4705	0.221967
4706	0.22193
4707	0.221892
4708	0.221855
4709	0.221818
4710	0.221781
4711	0.221745
4712	0.221708
4713	0.221671
4714	0.221634
4715	0.221597
4716	0.221561
4717	0.221524
4718	0.221487
4719	0.221451
4720	0.221414
4721	0.221378
4722	0.221342
4723	0.221305
4724	0.221269
4725	0.221233
4726	0.221196
4727	0.22116
4728	0.221124
4729	0.221088
4730	0.221052
4731	0.221016
4732	0.22098
4733	0.220944
4734	0.220908
4735	0.220872
4736	0.220837
4737	0.220801
4738	0.220765
4739	0.22073
4740	0.220694
4741	0.220658
4742	0.220623
4743	0.220587
4744	0.220552
4745	0.220517
4746	0.220481
4747	0.220446
4748	0.220411
4749	0.220376
4750	0.22034
4751	0.220305
4752	0.22027
4753	0.220235
4754	0.2202
4755	0.220165
4756	0.22013
4757	0.220096
4758	0.220061
4759	0.220026
4760	0.219991
4761	0.219956
4762	0.219922
4763	0.219887
4764	0.219853
4765	0.219818
4766	0.219784
4767	0.219749
4768	0.219715
4769	0.21968
4770	0.219646
4771	0.219612
4772	0.219578
4773	0.219543
4774	0.219509
4775	0.219475
4776	0.219441
4777	0.219407
4778	0.219373
4779	0.219339
4780	0.219305
4781	0.219271
4782	0.219237
4783	0.219204
4784	0.21917
4785	0.219136
4786	0.219103
4787	0.219069
4788	0.219035
4789	0.219002
4790	0.218968
4791	0.218935
4792	0.218901
4793	0.218868
4794	0.218835
4795	0.218801
4796	0.218768
4797	0.218735
4798	0.218702
4799	0.218668
4800	0.218635
4801	0.218602
4802	0.218569
4803	0.218536
4804	0.218503
4805	0.21847
4806	0.218437
4807	0.218405
4808	0.218372
4809	0.218339
4810	0.218306
4811	0.218274
4812	0.218241
4813	0.218208
4814	0.218176
4815	0.218143
4816	0.218111
4817	0.218078
4818	0.218046
4819	0.218013
4820	0.217981
4821	0.217949
4822	0.217916
4823	0.217884
4824	0.217852
4825	0.21782
4826	0.217788
4827	0.217756
4828	0.217724
4829	0.217692
4830	0.21766
4831	0.217628
4832	0.217596
4833	0.217564
4834	0.217532
4835	0.2175
4836	0.217468
4837	0.217437
4838	0.217405
4839	0.217373
4840	0.217342
4841	0.21731
4842	0.217279
4843	0.217247
4844	0.217216
4845	0.217184
4846	0.217153
4847	0.217121
4848	0.21709
4849	0.217059
4850	0.217027
4851	0.216996
4852	0.216965
4853	0.216934
4854	0.216903
4855	0.216872
4856	0.21684
4857	0.216809
4858	0.216778
4859	0.216747
4860	0.216717
4861	0.216686
4862	0.216655
4863	0.216624
4864	0.216593
4865	0.216562
4866	0.216532
4867	0.216501
4868	0.21647
4869	0.21644
4870	0.216409
4871	0.216379
4872	0.216348
4873	0.216318
4874	0.216287
4875	0.216257
4876	0.216226
4877	0.216196
4878	0.216166
4879	0.216135
4880	0.216105
4881	0.216075
4882	0.216045
4883	0.216014
4884	0.215984
4885	0.215954
4886	0.215924
4887	0.215894
4888	0.215864
4889	0.215834
4890	0.215804
4891	0.215774
4892	0.215744
4893	0.215715
4894	0.215685
4895	0.215655
4896	0.215625
4897	0.215595
4898	0.215566
4899	0.215536
4900	0.215507
4901	0.215477
4902	0.215447
4903	0.215418
4904	0.215388
4905	0.215359
4906	0.215329
4907	0.2153
4908	0.215271
4909	0.215241
4910	0.215212
4911	0.215183
4912	0.215153
4913	0.215124
4914	0.215095
4915	0.215066
4916	0.215037
4917	0.215008
4918	0.214979
4919	0.21495
4920	0.21492
4921	0.214892
4922	0.214863
4923	0.214834
4924	0.214805
4925	0.214776
4926	0.214747
4927	0.214718
4928	0.214689
4929	0.214661
4930	0.214632
4931	0.214603
4932	0.214575
4933	0.214546
4934	0.214517
4935	0.214489
4936	0.21446
4937	0.214432
4938	0.214403
4939	0.214375
4940	0.214346
4941	0.214318
4942	0.21429
4943	0.214261
4944	0.214233
4945	0.214205
4946	0.214176
4947	0.214148
4948	0.21412
4949	0.214092
4950	0.214064
4951	0.214035
4952	0.214007
4953	0.213979
4954	0.213951
4955	0.213923
4956	0.213895
4957	0.213867
4958	0.213839
4959	0.213811
4960	0.213784
4961	0.213756
4962	0.213728
4963	0.2137
4964	0.213672
4965	0.213645
4966	0.213617
4967	0.213589
4968	0.213561
4969	0.213534
4970	0.213506
4971	0.213479
4972	0.213451
4973	0.213424
4974	0.213396
4975	0.213369
4976	0.213341
4977	0.213314
4978	0.213286
4979	0.213259
4980	0.213231
4981	0.213204
4982	0.213177
4983	0.21315
4984	0.213122
4985	0.213095
4986	0.213068
4987	0.213041
4988	0.213014
4989	0.212986
4990	0.212959
4991	0.212932
4992	0.212905
4993	0.212878
4994	0.212851
4995	0.212824
4996	0.212797
4997	0.21277
4998	0.212743
4999	0.212717
