0	0	1.04843e-05
0	4	3.56343e-06
0	8	3.97473e-07
0	12	1.96826e-08
0	16	4.76653e-10
0	20	-4.34396e-11
0	24	-5.87471e-11
0	28	-3.5473e-11
0	32	5.39638e-12
0	36	4.36694e-11
0	40	6.00947e-11
0	44	6.14246e-11
0	48	1.28539e-09
0	52	4.45147e-08
0	56	7.47037e-07
0	60	5.29034e-06

4	0	3.8742e-05
4	4	1.39848e-05
4	8	1.74286e-06
4	12	9.90918e-08
4	16	2.71453e-09
4	20	-1.5656e-10
4	24	-1.70363e-10
4	28	-8.97996e-11
4	32	1.3207e-11
4	36	1.13161e-10
4	40	1.85716e-10
4	44	3.33514e-10
4	48	7.52526e-09
4	52	2.16929e-07
4	56	3.17659e-06
4	60	2.03251e-05

8	0	0.000125802
8	4	4.82656e-05
8	8	6.72607e-06
8	12	4.39892e-07
8	16	1.44622e-08
8	20	-2.06593e-10
8	24	-3.4183e-10
8	28	-1.64084e-10
8	32	2.34856e-11
8	36	2.10639e-10
8	40	3.96471e-10
8	44	1.31946e-09
8	48	3.75232e-08
8	52	9.2868e-07
8	56	1.18852e-05
8	60	6.86532e-05

12	0	0.000359818
12	4	0.000146889
12	8	2.2921e-05
12	12	1.72585e-06
12	16	6.78024e-08
12	20	6.44825e-10
12	24	-5.29412e-10
12	28	-2.37802e-10
12	32	3.31351e-11
12	36	3.11466e-10
12	40	7.00787e-10
12	44	5.22511e-09
12	48	1.64636e-07
12	52	3.50992e-06
12	56	3.92525e-05
12	60	0.000204405

16	0	0.0009086
16	4	0.000395213
16	8	6.91836e-05
16	12	6.00277e-06
16	16	2.79183e-07
16	20	6.15338e-09
16	24	-5.9953e-10
16	28	-2.80618e-10
16	32	3.80837e-11
16	36	3.79533e-10
16	40	1.21798e-09
16	44	2.11587e-08
16	48	6.41389e-07
16	52	1.1757e-05
16	56	0.000114771
16	60	0.000537783

20	0	0.0020306
20	4	0.000942624
20	8	0.000185524
20	12	1.85718e-05
20	16	1.01686e-06
20	20	3.0639e-08
20	24	-1.59355e-10
20	28	-2.64909e-10
20	32	3.56924e-11
20	36	3.96032e-10
20	40	2.72357e-09
20	44	8.26609e-08
20	48	2.22709e-06
20	52	3.50265e-05
20	56	0.000297986
20	60	0.00125356

24	0	0.00402755
24	4	0.00199896
24	8	0.000443452
24	12	5.12926e-05
24	16	3.29811e-06
24	20	1.22285e-07
24	24	2.15731e-09
24	28	-1.66033e-10
24	32	2.74094e-11
24	36	4.21519e-10
24	40	8.57941e-09
24	44	2.98154e-07
24	48	6.91348e-06
24	52	9.31372e-05
24	56	0.000689226
24	60	0.00259636

28	0	0.00711236
28	4	0.00378193
28	8	0.000948277
28	12	0.000126948
28	16	9.5784e-06
28	20	4.24542e-07
28	24	1.11974e-08
28	28	9.64747e-11
28	32	2.26904e-11
28	36	7.66094e-10
28	40	3.07078e-08
28	44	9.75276e-07
28	48	1.9252e-05
28	52	0.000221884
28	56	0.00142527
28	60	0.00479428

32	0	0.0112257
32	4	0.00640933
32	8	0.00182176
32	12	0.000282761
32	16	2.5033e-05
32	20	1.315e-06
32	24	4.27075e-08
32	28	8.98304e-10
32	32	5.42055e-11
32	36	2.54576e-09
32	40	1.05899e-07
32	44	2.88195e-06
32	48	4.82827e-05
32	52	0.000475601
32	56	0.00264615
32	60	0.00792395

36	0	0.0159098
36	4	0.00977683
36	8	0.00315975
36	12	0.000569575
36	16	5.91704e-05
36	20	3.67295e-06
36	24	1.42281e-07
36	28	3.6678e-09
36	32	2.41549e-10
36	36	9.40087e-09
36	40	3.3476e-07
36	44	7.70831e-06
36	48	0.000109557
36	52	0.000921701
36	56	0.00443255
36	60	0.0117786

40	0	0.0203639
40	4	0.0135024
40	8	0.00497686
40	12	0.00104341
40	16	0.000127183
40	20	9.31394e-06
40	24	4.2756e-07
40	28	1.30197e-08
40	32	1.01755e-09
40	36	3.21799e-08
40	40	9.62753e-07
40	44	1.87422e-05
40	48	0.000226114
40	52	0.00162415
40	56	0.00673848
40	60	0.0158382

44	0	0.0237058
44	4	0.0170037
44	8	0.00716853
44	12	0.00174972
44	16	0.000250122
44	20	2.15758e-05
44	24	1.17068e-06
44	28	4.21633e-08
44	32	3.83038e-09
44	36	1.00199e-07
44	40	2.52699e-06
44	44	4.1657e-05
44	48	0.000427103
44	52	0.00261964
44	56	0.00936271
44	60	0.0194026

48	0	0.0253132
48	4	0.0196944
48	8	0.00952111
48	12	0.00270661
48	16	0.00045323
48	20	4.59614e-05
48	24	2.94069e-06
48	28	1.25261e-07
48	32	1.30975e-08
48	36	2.85409e-07
48	40	6.08933e-06
48	44	8.51939e-05
48	48	0.000743626
48	52	0.00389794
48	56	0.0119905
48	60	0.0218422

52	0	0.0250434
52	4	0.0211957
52	8	0.0117753
52	12	0.00389649
52	16	0.000762827
52	20	9.07104e-05
52	24	6.82545e-06
52	28	3.43207e-07
52	32	4.11733e-08
52	36	7.49553e-07
52	40	1.35677e-05
52	44	0.000161533
52	48	0.00120328
52	52	0.00539958
52	56	0.0142954
52	60	0.0228269

56	0	0.0232152
56	4	0.0214447
56	8	0.0137121
56	12	0.00527319
56	16	0.00120342
56	20	0.000167267
56	24	1.47563e-05
56	28	8.73841e-07
56	32	1.20129e-07
56	36	1.83011e-06
56	40	2.81793e-05
56	44	0.000286388
56	48	0.00182644
56	52	0.00703544
56	56	0.016047
56	60	0.022405

60	0	0.0204003
60	4	0.0206526
60	8	0.0152148
60	12	0.0067815
60	16	0.0017972
60	20	0.000290863
60	24	2.99843e-05
60	28	2.08645e-06
60	32	3.28499e-07
60	36	4.19224e-06
60	40	5.50515e-05
60	44	0.000479265
60	48	0.00262699
60	52	0.00871861
60	56	0.0171681
60	60	0.0209096

64	0	0.0171777
64	4	0.0191624
64	8	0.0162752
64	12	0.00837791
64	16	0.00256678
64	20	0.000481674
64	24	5.78248e-05
64	28	4.71986e-06
64	32	8.51176e-07
64	36	9.10002e-06
64	40	0.000102151
64	44	0.000764568
64	48	0.00361752
64	52	0.01039
64	56	0.0177146
64	60	0.0187761

68	0	0.0139779
68	4	0.0173033
68	8	0.0169511
68	12	0.0100392
68	16	0.00353971
68	20	0.00076704
68	24	0.000106902
68	28	1.02274e-05
68	32	2.11528e-06
68	36	1.89171e-05
68	40	0.000181823
68	44	0.00117401
68	48	0.00481548
68	52	0.0120232
68	56	0.0178065
68	60	0.0163834

72	0	0.0110484
72	4	0.0153076
72	8	0.0173065
72	12	0.0117537
72	16	0.00475115
72	20	0.00118484
72	24	0.000191272
72	28	2.14661e-05
72	32	5.10717e-06
72	36	3.80601e-05
72	40	0.000313349
72	44	0.00175003
72	48	0.00624493
72	52	0.0136061
72	56	0.0175539
72	60	0.0139818

76	0	0.00849652
76	4	0.0133017
76	8	0.0173696
76	12	0.0134991
76	16	0.0062409
76	20	0.00178745
76	24	0.000333944
76	28	4.41071e-05
76	32	1.21346e-05
76	36	7.48408e-05
76	40	0.000526958
76	44	0.00254881
76	48	0.00793027
76	52	0.0151133
76	56	0.0170163
76	60	0.0117008

80	0	0.00634887
80	4	0.0113414
80	8	0.0171232
80	12	0.0152202
80	16	0.00804298
80	20	0.00264481
80	24	0.000572424
80	28	8.9552e-05
80	32	2.86936e-05
80	36	0.000145028
80	40	0.000869628
80	44	0.00364101
80	48	0.00988173
80	52	0.016483
80	56	0.0162031
80	60	0.00959323

84	0	0.00459489
84	4	0.00945361
84	8	0.0165247
84	12	0.0168157
84	16	0.0101684
84	20	0.00384466
84	24	0.00096691
84	28	0.000180942
84	32	6.80061e-05
84	36	0.000278649
84	40	0.00141271
84	44	0.00510762
84	48	0.0120758
84	52	0.0176106
84	56	0.0151007
84	60	0.00767996

88	0	0.00320747
88	4	0.00766536
88	8	0.0155376
88	12	0.0181405
88	16	0.0125839
88	20	0.00548697
88	24	0.00161141
88	28	0.000365144
88	32	0.000161535
88	36	0.000532542
88	40	0.00226062
88	44	0.00702857
88	48	0.014436
88	52	0.0183612
88	56	0.013706
88	60	0.00597532

92	0	0.00214968
92	4	0.00601284
92	8	0.0141602
92	12	0.0190244
92	16	0.0151904
92	20	0.00766879
92	24	0.00264636
92	28	0.000734695
92	32	0.000380977
92	36	0.00101158
92	40	0.00355772
92	44	0.00946141
92	48	0.0168185
92	52	0.0185954
92	56	0.0120505
92	60	0.00449464

96	0	0.00137679
96	4	0.00453751
96	8	0.012442
96	12	0.019301
96	16	0.0178064
96	20	0.0104542
96	24	0.00426629
96	28	0.00146153
96	32	0.000876803
96	36	0.00189842
96	40	0.00548579
96	44	0.0124076
96	48	0.0190088
96	52	0.0182024
96	56	0.0102076
96	60	0.003251

100	0	0.000838642
100	4	0.00327601
100	8	0.0104843
100	12	0.0188452
100	16	0.0201634
100	20	0.0138248
100	24	0.00670638
100	28	0.00283232
100	32	0.00192755
100	36	0.00347937
100	40	0.0082368
100	44	0.0157665
100	48	0.0207342
100	52	0.0171321
100	56	0.00828582
100	60	0.00224889

104	0	0.0004835
104	4	0.00225044
104	8	0.00842704
104	12	0.0176099
104	16	0.021925
104	20	0.0176132
104	24	0.0101797
104	28	0.00524825
104	32	0.003964
104	36	0.00612946
104	40	0.0119392
104	44	0.019286
104	48	0.0216992
104	52	0.0154191
104	56	0.00641052
104	60	0.00147972

108	0	0.000262529
108	4	0.00146275
108	8	0.00642495
108	12	0.0156549
108	16	0.0227387
108	20	0.0214399
108	24	0.0147403
108	28	0.00912299
108	32	0.00749218
108	36	0.0101977
108	40	0.0165268
108	44	0.0225336
108	48	0.021647
108	52	0.0131928
108	56	0.00470103
108	60	0.000920963

112	0	0.000133573
112	4	0.000894552
112	8	0.00461956
112	12	0.0131551
112	16	0.0223256
112	20	0.0247011
112	24	0.0200906
112	28	0.0146269
112	32	0.0128379
112	36	0.015756
112	40	0.0215831
112	44	0.0249269
112	48	0.0204382
112	52	0.0106644
112	56	0.00324898
112	60	0.000539161

116	0	6.33555e-05
116	4	0.000511792
116	8	0.00311353
116	12	0.0103789
116	16	0.0205864
116	20	0.026665
116	24	0.025435
116	28	0.0213364
116	32	0.0197442
116	36	0.0222853
116	40	0.0262636
116	44	0.0258618
116	48	0.0181248
116	52	0.00809129
116	56	0.00210376
116	60	0.000295214

120	0	2.78684e-05
120	4	0.000272356
120	8	0.00195503
120	12	0.00763474
120	16	0.017682
120	20	0.0267007
120	24	0.0295528
120	28	0.0280225
120	32	0.0270592
120	36	0.0285268
120	40	0.0294339
120	44	0.024926
120	48	0.0149787
120	52	0.00572344
120	56	0.00126862
120	60	0.000150319

124	0	1.13095e-05
124	4	0.000134046
124	8	0.00113663
124	12	0.00519985
124	16	0.0140322
124	20	0.0245654
124	24	0.0311912
124	28	0.0328822
124	32	0.0328771
124	36	0.0327609
124	40	0.0300698
124	44	0.0221139
124	48	0.0114461
124	52	0.00374904
124	56	0.000708162
124	60	7.07751e-05

128	0	4.21245e-06
128	4	6.06735e-05
128	8	0.000608137
128	12	0.00325671
128	16	0.0102096
128	20	0.0205879
128	24	0.0296543
128	28	0.034279
128	32	0.0352827
128	36	0.0335341
128	40	0.0277619
128	44	0.0179079
128	48	0.00802728
128	52	0.00225909
128	56	0.000363767
128	60	3.06417e-05

132	0	1.43283e-06
132	4	2.51189e-05
132	8	0.000297679
132	12	0.00186355
132	16	0.00676213
132	20	0.0156005
132	24	0.0252268
132	28	0.0316154
132	32	0.033353
132	36	0.0304456
132	40	0.0230005
132	44	0.0131385
132	48	0.00513075
132	52	0.00124437
132	56	0.000170963
132	60	1.21326e-05

136	0	4.42884e-07
136	4	9.46183e-06
136	8	0.000132563
136	12	0.000968392
136	16	0.00405098
136	20	0.0106202
136	24	0.0191013
136	28	0.0257166
136	32	0.0277147
136	36	0.024427
136	40	0.0170032
136	44	0.00867701
136	48	0.00296985
136	52	0.000622856
136	56	7.31105e-05
136	60	4.37055e-06

140	0	1.23811e-07
140	4	3.22665e-06
140	8	5.34244e-05
140	12	0.000454459
140	16	0.00218258
140	20	0.00646059
140	24	0.0128195
140	28	0.0184046
140	32	0.0202103
140	36	0.0172698
140	40	0.0111647
140	44	0.0051301
140	48	0.00154797
140	52	0.000281752
140	56	2.8301e-05
140	60	1.42529e-06

144	0	3.1162e-08
144	4	9.91459e-07
144	8	1.93895e-05
144	12	0.000191638
144	16	0.00105232
144	20	0.00349629
144	24	0.00760028
144	28	0.0115664
144	32	0.0129162
144	36	0.0107349
144	40	0.00648752
144	44	0.00270262
144	48	0.000722906
144	52	0.000114605
144	56	9.86862e-06
144	60	4.18791e-07

148	0	7.03046e-09
148	4	2.73277e-07
148	8	6.30851e-06
148	12	7.22816e-05
148	16	0.000452058
148	20	0.00167685
148	24	0.00396963
148	28	0.00637278
148	32	0.0072256
148	36	0.00585592
148	40	0.00332591
148	44	0.00126363
148	48	0.000301133
148	52	4.17264e-05
148	56	3.08587e-06
148	60	1.10379e-07

152	0	1.41584e-09
152	4	6.72834e-08
152	8	1.83228e-06
152	12	2.42852e-05
152	16	0.000172363
152	20	0.000710441
152	24	0.00182231
152	28	0.00307402
152	32	0.00353444
152	36	0.00279883
152	40	0.00150047
152	44	0.000522579
152	48	0.00011145
152	52	1.35419e-05
152	56	8.61655e-07
152	60	2.59853e-08

156	0	2.53493e-10
156	4	1.47387e-08
156	8	4.73221e-07
156	12	7.24089e-06
156	16	5.81324e-05
156	20	0.000265149
156	24	0.00073379
156	28	0.00129648
156	32	0.00151014
156	36	0.00117035
156	40	0.000594376
156	44	0.000190581
156	48	3.65197e-05
156	52	3.90265e-06
156	56	2.14002e-07
156	60	5.44237e-09

160	0	4.01925e-11
160	4	2.86166e-09
160	8	1.08281e-07
160	12	1.90935e-06
160	16	1.72895e-05
160	20	8.69535e-05
160	24	0.000258704
160	28	0.00047749
160	32	0.000562992
160	36	0.000427582
160	40	0.000206322
160	44	6.11287e-05
160	48	1.05612e-05
160	52	9.95237e-07
160	56	4.71005e-08
160	60	1.0102e-09

164	0	5.62219e-12
164	4	4.90695e-10
164	8	2.1876e-08
164	12	4.43851e-07
164	16	4.52184e-06
164	20	2.49991e-05
164	24	7.97215e-05
164	28	0.000153379
164	32	0.000182939
164	36	0.000136303
164	40	6.26432e-05
164	44	1.72025e-05
164	48	2.68764e-06
164	52	2.23852e-07
164	56	9.15464e-09
164	60	1.65575e-10

168	0	6.91258e-13
168	4	7.40497e-11
168	8	3.88936e-09
168	12	9.06855e-08
168	16	1.03722e-06
168	20	6.28728e-06
168	24	2.1437e-05
168	28	4.29156e-05
168	32	5.17522e-05
168	36	3.78609e-05
168	40	1.66063e-05
168	44	4.23769e-06
168	48	6.00219e-07
168	52	4.42715e-08
168	56	1.56609e-09
168	60	2.38786e-11

172	0	7.44366e-14
172	4	9.8011e-12
172	8	6.06611e-10
172	12	1.62382e-08
172	16	2.08142e-07
172	20	1.38037e-06
172	24	5.02172e-06
172	28	1.04456e-05
172	32	1.273e-05
172	36	9.1509e-06
172	40	3.83687e-06
172	44	9.11799e-07
172	48	1.17326e-07
172	52	7.67592e-09
172	56	2.35041e-10
172	60	3.0195e-12

176	0	6.99785e-15
176	4	1.134e-12
176	8	8.274e-11
176	12	2.54106e-09
176	16	3.64512e-08
176	20	2.64013e-07
176	24	1.02306e-06
176	28	2.20849e-06
176	32	2.71908e-06
176	36	1.92169e-06
176	40	7.7128e-07
176	44	1.70986e-07
176	48	2.00226e-08
176	52	1.16339e-09
176	56	3.08495e-11
176	60	3.33619e-13

180	0	5.74165e-16
180	4	1.14322e-13
180	8	9.83912e-12
180	12	3.46549e-10
180	16	5.5573e-09
180	20	4.38974e-08
180	24	1.80942e-07
180	28	4.0498e-07
180	32	5.03579e-07
180	36	3.50071e-07
180	40	1.3464e-07
180	44	2.78847e-08
180	48	2.97566e-09
180	52	1.53697e-10
180	56	3.52985e-12
180	60	3.20846e-14

184	0	4.24109e-17
184	4	1.00189e-14
184	8	1.01693e-12
184	12	4.10738e-11
184	16	7.35758e-10
184	20	6.33135e-09
184	24	2.77302e-08
184	28	6.43006e-08
184	32	8.07342e-08
184	36	5.5225e-08
184	40	2.03715e-08
184	44	3.94584e-09
184	48	3.8412e-10
184	52	1.76483e-11
184	56	3.50967e-13
184	60	2.66762e-15

188	0	4.43541e-18
188	4	7.73458e-16
188	8	9.10802e-14
188	12	4.21865e-12
188	16	8.43746e-11
188	20	7.90336e-10
188	24	3.67506e-09
188	28	8.82343e-09
188	32	1.11844e-08
188	36	7.5302e-09
188	40	2.66595e-09
188	44	4.83352e-10
188	48	4.29562e-11
188	52	1.75609e-12
188	56	3.02072e-14
188	60	1.80647e-16

192	0	9.59996e-19
192	4	6.00146e-17
192	8	7.05303e-15
192	12	3.74364e-13
192	16	8.35847e-12
192	20	8.51798e-11
192	24	4.20266e-10
192	28	1.04427e-09
192	32	1.33617e-09
192	36	8.85666e-10
192	40	3.01087e-10
192	44	5.11284e-11
192	48	4.15014e-12
192	52	1.50964e-13
192	56	2.23481e-15
192	60	3.03028e-18

196	0	-8.79239e-18
196	4	-4.91178e-17
196	8	3.79394e-16
196	12	2.84957e-14
196	16	7.13124e-13
196	20	7.90566e-12
196	24	4.13708e-11
196	28	1.06358e-10
196	32	1.37356e-10
196	36	8.96471e-11
196	40	2.92743e-11
196	44	4.65794e-12
196	48	3.45517e-13
196	52	1.12882e-14
196	56	2.24043e-16
196	60	4.00141e-17

200	0	-4.59485e-17
200	4	-3.13265e-16
200	8	-4.6946e-16
200	12	1.3126e-15
200	16	5.17392e-14
200	20	6.29685e-13
200	24	3.49626e-12
200	28	9.29834e-12
200	32	1.21198e-11
200	36	7.78965e-12
200	40	2.44418e-12
200	44	3.64856e-13
200	48	2.52299e-14
200	52	1.26848e-15
200	56	4.67491e-16
200	60	2.44965e-16

204	0	-1.43948e-16
204	4	-1.05064e-15
204	8	-1.6499e-15
204	12	-1.72638e-15
204	16	1.6385e-15
204	20	4.1763e-14
204	24	2.52219e-13
204	28	6.9554e-13
204	32	9.15443e-13
204	36	5.79829e-13
204	40	1.75542e-13
204	44	2.57507e-14
204	48	3.22499e-15
204	52	1.86426e-15
204	56	1.53563e-15
204	60	8.27032e-16

208	0	-3.2302e-16
208	4	-2.55862e-15
208	8	-4.12505e-15
208	12	-4.70819e-15
208	16	-4.17491e-15
208	20	-8.51072e-16
208	24	1.349e-14
208	28	4.34894e-14
208	32	5.91335e-14
208	36	3.80112e-14
208	40	1.30904e-14
208	44	5.03422e-15
208	48	4.59489e-15
208	52	4.66338e-15
208	56	3.8108e-15
208	60	2.01814e-15

212	0	-3.4138e-16
212	4	-4.53836e-15
212	8	-7.85437e-15
212	12	-9.79139e-15
212	16	-1.00014e-14
212	20	-8.46745e-15
212	24	-5.20348e-15
212	28	-4.76484e-16
212	32	3.64894e-15
212	36	5.68528e-15
212	40	7.2919e-15
212	44	9.14486e-15
212	48	1.01233e-14
212	52	9.45896e-15
212	56	7.12886e-15
212	60	3.641e-15

216	0	4.53314e-15
216	4	-4.04593e-15
216	8	-1.00164e-14
216	12	-1.53493e-14
216	16	-1.91403e-14
216	20	-1.95821e-14
216	24	-1.57575e-14
216	28	-8.1754e-15
216	32	1.37141e-15
216	36	1.05236e-14
216	40	1.71594e-14
216	44	1.98643e-14
216	48	1.84437e-14
216	52	1.40848e-14
216	56	8.75153e-15
216	60	5.34327e-15

220	0	1.00594e-13
220	4	2.07709e-14
220	8	-8.73836e-16
220	12	-1.22319e-14
220	16	-2.58259e-14
220	20	-3.50346e-14
220	24	-3.33515e-14
220	28	-1.91167e-14
220	32	2.89093e-15
220	36	2.36999e-14
220	40	3.4997e-14
220	44	3.35554e-14
220	48	2.25329e-14
220	52	9.07277e-15
220	56	1.49986e-15
220	60	3.1625e-14

224	0	1.5956e-12
224	4	3.45275e-13
224	8	4.99346e-14
224	12	2.5925e-14
224	16	-1.12811e-15
224	20	-2.85597e-14
224	24	-3.9468e-14
224	28	-2.59791e-14
224	32	4.0477e-15
224	36	3.14783e-14
224	40	3.89727e-14
224	44	2.26563e-14
224	48	-6.34615e-15
224	52	-2.99284e-14
224	56	-4.51095e-15
224	60	5.47024e-13

228	0	2.05086e-11
228	4	4.50813e-12
228	8	3.4594e-13
228	12	1.6329e-13
228	16	1.48318e-13
228	20	1.12578e-13
228	24	6.887e-14
228	28	2.94601e-14
228	32	-4.07196e-15
228	36	-3.8624e-14
228	40	-7.97184e-14
228	44	-1.22898e-13
228	48	-1.53965e-13
228	52	-1.47812e-13
228	56	3.72663e-13
228	60	7.65324e-12

232	0	2.17222e-10
232	4	5.06739e-11
232	8	3.09955e-12
232	12	5.8942e-13
232	16	6.76492e-13
232	20	7.16518e-13
232	24	6.02966e-13
232	28	3.26732e-13
232	32	-4.86293e-14
232	36	-4.08782e-13
232	40	-6.47445e-13
232	44	-7.19129e-13
232	48	-6.46669e-13
232	52	-3.42591e-13
232	56	6.00184e-12
232	60	8.56565e-11

236	0	1.92368e-09
236	4	4.79816e-10
236	8	3.06453e-11
236	12	2.23967e-12
236	16	2.20016e-12
236	20	2.495e-12
236	24	2.18809e-12
236	28	1.21025e-12
236	32	-1.81061e-13
236	36	-1.50882e-12
236	40	-2.33058e-12
236	44	-2.46787e-12
236	48	-2.03222e-12
236	52	5.00202e-13
236	56	6.5267e-11
236	60	7.9442e-10

240	0	1.44333e-08
240	4	3.84336e-09
240	8	2.73067e-10
240	12	1.16784e-11
240	16	6.02765e-12
240	20	6.49022e-12
240	24	5.49573e-12
240	28	2.97167e-12
240	32	-4.41709e-13
240	36	-3.72054e-12
240	40	-5.89949e-12
240	44	-6.48188e-12
240	48	-5.33931e-12
240	52	1.5573e-11
240	56	5.77036e-10
240	60	6.22041e-09

244	0	9.27627e-08
244	4	2.63059e-08
244	8	2.09626e-09
244	12	7.7847e-11
244	16	1.4583e-11
244	20	1.30241e-11
244	24	9.90155e-12
244	28	4.99952e-12
244	32	-7.28676e-13
244	36	-6.34039e-12
244	40	-1.08834e-11
244	44	-1.33972e-11
244	48	-1.04311e-11
244	52	1.58435e-10
244	56	4.31388e-09
244	60	4.16388e-08

248	0	5.15068e-07
248	4	1.55269e-07
248	8	1.38614e-08
248	12	5.385e-10
248	16	3.39488e-11
248	20	1.83585e-11
248	24	1.0521e-11
248	28	4.21889e-12
248	32	-5.68939e-13
248	36	-5.61141e-12
248	40	-1.2382e-11
248	44	-1.99356e-11
248	48	-1.55638e-13
248	52	1.22772e-09
248	56	2.7688e-08
248	60	2.40509e-07

252	0	2.4865e-06
252	4	7.96012e-07
252	8	7.94695e-08
252	12	3.44912e-09
252	16	1.00777e-10
252	20	8.67122e-12
252	24	-5.38261e-12
252	28	-6.18066e-12
252	32	1.04222e-12
252	36	7.02714e-12
252	40	3.26119e-12
252	44	-1.04949e-11
252	48	1.6143e-10
252	52	7.96641e-09
252	56	1.53991e-07
252	60	1.20706e-06

